82 0.5916333830538795 43.443499845934475
162 0.3922804704490856 9.748570474173802
163 0.46389515624883454 28.74922136628238
164 0.35521119247703026 60.84144280838334
165 0.015545789835210844 742.6294153707571
166 0.0760945599158625 1348.4688401898325
171 0.8629859360530161 4.989974539109829
175 0.045467941346088774 1588.139963368767
176 0.31605481883183856 100.50779027261488
178 0.23405997580189403 55.151851248864965
182 0.7145746400141606 13.797276786157724
188 0.5468829756290141 32.97453028155591
190 0.7540877440957745 27.526585012314374
191 0.41004987063785114 114.62681884177958
194 0.7085257676853431 36.12741515469698
196 0.6415458331343696 50.04236915086177
197 0.6977284188282363 17.348278660442485
198 0.5971366873944485 37.77497049599654
199 0.7329336310870405 32.155789518632886
200 0.4730090688629769 21.228133989681144
201 0.8319242907764723 17.322242016918622
202 0.16456155298905142 173.3101908702096
203 0.8089312471264609 22.082327513847066
204 0.09333852733492068 922.1289494098215
205 0.0925577481976034 431.70528509237755
206 0.14190598794259365 364.8781114831098
207 0.7700941736110902 24.417778824173272
208 0.7007067335550681 20.561265147510294
209 0.5785692252904683 30.927342547617165
210 0.8216558435886344 8.892850100133026
211 0.2612617700540433 418.5325672497123
212 0.24803119486776468 853.1871431776029
213 0.5738355503498753 16.818584398390104
214 0.8555192980567884 6.874955489502863
215 0.04152269898565787 284.59247418239624
216 0.5357470634832932 23.179829118689874
217 0.04729754967038107 468.38407021799367
218 0.5111834406729188 45.54160151484502
219 0.08570605401039152 221.00172570494675
224 0.15048941233744018 387.7337430337028
225 0.7137947300945877 11.170439983496044
228 0.017715396475547734 951.9565922297029
229 0.023545730355947477 606.560124291821
230 0.010591050001591707 366.47338695601997
231 0.06683412874387883 456.3446451867599
234 0.02794795055266084 300.7371323240047
238 0.26738638291207856 501.69826109268456
240 0.4955075147840474 39.55637388372505
242 0.13257592985315758 1629.4557650613758
296 0.5833981685778 169.9354594359547
