1 0.7354748041818558 27.595456725364244
2 0.4584222120756426 53.70412061724111
3 0.7892191893718526 13.244196991730345
4 0.8353862958384549 10.911071505648753
5 0.6868356004312438 33.687437588863
6 0.7182544063051427 23.430986795036436
7 0.18097541227821032 291.408334976666
8 0.13340130431168534 252.4665847707588
9 0.4277447413956705 55.2783467238165
10 0.5602263463976774 25.96705510492386
11 0.7630419779626872 10.221062202495627
12 0.13726347652778198 143.81376802366614
13 0.039599181987351066 531.399276144513
14 0.46617833787484303 26.512942831307537
15 0.6173957347959759 25.26832413893649
16 0.054041451082899816 299.57342073728927
17 0.14892772767801443 74.36940476594893
18 0.01820451671085402 160.95660724573958
19 0.6399722090005634 24.797258102138027
20 0.20505084373004984 317.8592338901976
21 0.22877977183048057 144.718685255468
22 0.13354938024076576 263.2442074884466
23 0.2696279261145518 315.9025114917272
24 0.4545075323877144 93.71012890443004
25 0.02595917002388572 427.2405914795673
26 0.32581732147547005 306.5498637887365
27 0.5226293840063765 68.94204257923977
28 0.22529130353843121 258.01895055804147
29 0.22486496235929532 261.8730710754533
30 0.15139987296005508 354.8119437310767
31 0.09710626356677603 329.11857932755237
32 0.08153376903070383 281.0870027705546
33 0.17621439824062676 269.06842080816466
34 0.5920234609931854 26.166005299201714
35 0.23327107680636958 377.25037010282574
36 0.26192046602502034 306.49019247350606
37 0.37925564755614466 220.49750477067616
75 0.7383659359866195 9.602943168700246
77 0.17041700958968348 96.09053926236624
78 0.1445298370711848 104.8898107496579
79 0.7325461745985864 5.015590368151978
80 0.736531438524648 10.321235444238114
81 0.5973344534760946 19.86217535671619
82 0.36892231939462644 14.314581503245105
83 0.791677135289641 9.219370094418261
84 0.8935251470220138 4.090485705443123
85 0.8334550487782306 4.368192344925692
86 0.6510181812056627 13.691797134655177
87 0.34755703373482183 197.45726917156668
88 0.8932175571690338 7.357057330140928
