44 0.3413712680517457 63.72633439459861
59 0.2128689749178978 314.2720213268468
110 0.3067839921789649 244.92204661468438
111 0.4211177462883466 207.68963284986745
123 0.7023546423179416 15.112402260253011
124 0.06403545028890431 609.9146624501702
127 0.5343035234340238 42.942500099699416
128 0.4569390004822517 75.61149128019656
129 0.17663986610543758 592.9941318812356
133 0.24160802006406915 112.23161100104275
134 0.30617198685811625 63.358191178559764
135 0.16497001173573012 275.073624999597
136 0.04843305320898917 791.8863962061629
137 0.14134849621984483 174.7696387743294
138 0.48891544442054363 43.558465453238064
139 0.23000710294973511 48.12119359116571
140 0.3547383926199854 52.1392783439836
157 0.5752397812299243 61.5306901066334
158 0.6630317660749389 14.79277138350163
163 0.4984904131700528 33.292868030582724
164 0.38677589718122724 44.533498985157664
166 0.33089820859369073 39.24718361622579
169 0.21829068342190067 62.13844914402436
170 0.27873161770980615 75.32926864303066
171 0.5346525623261115 22.734931627570166
172 0.21184803519387183 281.0588445200669
184 0.4506676638672504 32.50957079278035
188 0.6747788223974748 21.374976208058865
191 0.15747384137026738 154.3196378490427
193 0.6086269762452661 18.691707266180263
194 0.211536505870234 306.52013280378816
195 0.2920792346955473 152.54411205797032
196 0.20433529902469832 94.62244623292696
197 0.5440513058780695 33.82232510247056
200 0.26364645775111584 66.05886720969875
201 0.4526393235534049 269.8925171968521
218 0.28534602749990995 196.59333169189244
219 0.3724847585973273 286.26518453164226
223 0.5585996628234586 14.131412273294185
224 0.09946425196376982 240.16066136866502
225 0.4237299834777022 122.21398474628977
227 0.17689880316176973 68.76674235394407
228 0.33155565047814306 61.522235146389654
229 0.06641622127852587 984.6087609781218
230 0.15238506278939543 428.7771929252778
231 0.12019321957847122 633.8693902792588
232 0.3696174265439553 34.56719353014107
233 0.26032171310045443 79.69076503310782
234 0.18140335063617566 454.2401841803351
235 0.053667853502657244 114.20028041224339
