82 0.5006711431025508 77.01552053430423
162 0.05115450164736727 156.0356981516937
163 0.655816520775754 32.43573809307061
164 0.22161240950609892 72.65098176946012
165 0.018698000593784556 811.2712947607571
166 0.025229251164838054 1051.545935087784
171 0.5821105916194957 28.102768826808916
175 0.04342317992743073 882.8292392381916
176 0.38716835176082826 96.76057196807325
178 0.014086965259765443 191.37737682287622
182 0.5893654264922835 23.3940070986904
188 0.6003288722550294 56.65917208774429
190 0.5983086901393253 31.17995419761124
191 0.03721118952053982 574.7725862272013
194 0.5262897548842249 47.67899077577522
196 0.5959066594907899 53.02077240472529
197 0.4090448904546049 136.27899476411568
198 0.5852383344379322 83.57876899950912
199 0.6496466307494572 39.4276651341546
200 0.20856418618974398 270.0852530666191
201 0.3020126266012605 179.33116487044694
202 0.23066704491653547 314.664909286258
203 0.29218738064759303 178.89270025364638
204 0.13325800442294922 570.9204618110792
205 0.2739129882401893 202.3645691080347
206 0.19239203950141184 264.8774345883828
207 0.05157496026238944 1133.015621117799
208 0.10498072065599216 1118.1252369406475
209 0.11031867332111799 579.4442334533243
210 0.17852022181449806 296.00314941635054
211 0.2594752063845482 578.229088755916
212 0.2630924113668553 699.3301879520686
213 0.6900810573020133 7.277613631842994
214 0.23153988757348454 154.42313245468912
215 0.21663952716857077 229.89530231639353
216 0.3079272292028412 330.2003723978078
217 0.05482571933781142 359.1106215785463
218 0.4651060174596355 52.387810691810955
219 0.06776549514338744 195.61639517262705
224 0.1351829854532548 527.4474006632773
225 0.3036458175063482 241.758834103597
228 0.035315246211035996 299.09952257478704
229 0.03000835887501977 238.30459033829783
230 0.013737440089324312 322.20209941158174
231 0.1666777146682065 216.56194183983877
234 0.03450697793469185 277.3675711026752
238 0.2710876108925135 353.82054020952364
240 0.524307105071747 37.084277226913976
242 0.05199665597281329 191.2462849900521
296 0.6223979157562645 156.58350107571536
