1 0.29727380304216844 163.1842319396426
2 0.6537597037367783 29.881670781795904
3 0.46987793260668625 56.10577232642727
4 0.7819428443504779 16.344511196038706
5 0.5958976658726189 50.49117858940138
6 0.6485770517976124 35.74451161375813
7 0.13881530529614478 402.356360995161
8 0.08188455349559304 703.6440688564526
9 0.07107004502386789 123.34714453590482
10 0.4820737260038839 61.51656229790998
11 0.775091984393015 8.912076525325961
12 0.036529924269601576 430.18031723961843
13 0.0614847588657521 270.6524493721375
14 0.04257852034243171 362.8777199897146
15 0.25352229143799865 148.3021449683923
16 0.05717355682524394 350.09205543300413
17 0.05138900925347525 189.4699046419811
18 0.018560230627303644 265.60216635849014
19 0.5757477059458289 128.8155606320879
20 0.05676829167508168 389.7454966576164
21 0.16618468668805952 224.15953246752707
22 0.25258775030093816 229.3497625327243
23 0.3456236806900249 300.02570648696195
24 0.34196665279503874 296.5355298347637
25 0.41880417772830064 54.29731629949186
26 0.4221158886854332 257.47772816235135
27 0.4468766652710589 248.21145494937164
28 0.27872928814007053 280.86437457339207
29 0.30049169577886187 297.4736294535851
30 0.20551467634083004 423.70438567515146
31 0.10152241159351068 279.31170937311225
32 0.12646042783354067 328.5599393144345
33 0.34793592904272064 235.62818248598248
34 0.3359470817520706 180.47860037640382
35 0.2366962215260485 373.3592129259417
36 0.1755840001153731 361.92325004042743
37 0.28664210350975905 285.42248138551224
75 0.7918063153182853 7.602997626188485
77 0.07280194182335041 218.40134634316442
78 0.06126220129587779 184.61810405532273
79 0.8810986607393484 10.133205956351791
80 0.8777370394930993 14.81552339004791
81 0.9308980714759857 5.483489009440132
82 0.8430012843936767 9.006753347363334
83 0.8693870457376097 18.21077636659703
84 0.6525724113263546 23.994400171647168
85 0.4361090403974026 49.8058613938482
86 0.6463443256141217 14.336993522948932
87 0.4172866972432878 109.77226151617293
88 0.8424775190062772 10.10393882215836
