27 0.07894244237876948 483.7276878583473
30 0.06466368459112638 594.749491447088
34 0.022547545320043955 476.75357089804197
66 0.23902933050880504 183.80367184126013
67 0.12523839882431137 288.9826844809364
74 0.09412922243291223 480.5026119724768
75 0.07643886446222005 519.3479306630882
81 0.09691456822051366 449.2310834512827
82 0.09094774414398796 466.3441417775907
84 0.04771281474793848 512.2120785214747
85 0.09038534400248191 421.8264368082805
86 0.06849866010444294 592.207505068924
87 0.05497039637616787 456.0650534453109
88 0.10065286338155338 480.08966718977746
95 0.09396296677342096 506.0596138588761
96 0.0756433456039397 514.3475574490535
97 0.033680337824281516 622.2901978369026
98 0.06487215323594553 415.94900294795826
103 0.09382187547109869 413.7574881571985
104 0.10933629153240572 381.68868386429534
105 0.10547450178992204 412.18716710956056
106 0.06253889415398671 478.4546747766822
108 0.044018251939692485 487.7822222582035
110 0.10520642561991092 301.2042180415732
111 0.12444075228702395 262.42405340140397
112 0.04773048412649687 308.6540240435772
113 0.07773880132672174 329.3742574999311
125 0.8249135908435162 7.768358692616801
151 0.06643535247200638 620.8184914868324
169 0.022566672489169715 796.2472698982829
186 0.07614124671552648 622.2654207337215
193 0.06718260952348014 447.81064850721344
246 0.33147323653824123 66.19424137491733
252 0.8757269261975422 27.656170510027792
334 0.3510757113605497 78.68367319559589
440 0.08597903119252076 470.97033166336485
468 0.16474868748138122 309.6746135044999
470 0.7346764466565319 7.121587785375873
471 0.1720182672558436 310.69812265442226
472 0.621989573369437 15.248161017778367
485 0.5720622832863597 34.89819498106927
486 0.1511589080756802 208.04863387032296
488 0.12968667354561988 206.5107856734717
489 0.16023353687484368 158.2777402743211
491 0.13190917775522978 311.23282302560136
492 0.13693408655262707 169.93683228329988
493 0.09326528414308592 268.6000368030347
494 0.0792721317456505 422.3081642555181
495 0.09877605214412014 261.5060485517151
496 0.09914485326638761 247.00878813471982
