44 0.02394755349887811 645.3401668005921
59 0.022294862252257696 654.9856020947144
110 0.07536929483724242 745.7610499606609
123 0.07502123141865108 777.9518137106606
124 0.0124025353643466 659.5014853938334
127 0.05523904582066397 760.9179380822799
128 0.10554070022542218 743.3504882613489
129 0.035041921833186204 800.4868535884121
133 0.010592813392918243 1012.0254537390723
134 0.009084855051584278 694.6254951850347
135 0.010411955072129194 567.7471557837242
136 0.015601426948188323 598.7623647518542
137 0.06351385839630422 783.7530609079968
157 0.28180328469426874 438.8156827997381
158 0.2847930898530212 517.1537780630657
163 0.31322529787018033 282.1789335857434
164 0.10183937861969898 616.5153909325168
169 0.07621273781965703 1205.6323091052545
170 0.03856998770559294 1222.2702208377693
171 0.06315224443674514 634.0447290102962
172 0.06912401886547953 581.9361877477844
184 0.2103102584747758 203.6095235489421
188 0.07173904849235958 1059.7962860391685
191 0.04507135740730782 1156.119575393659
193 0.1655504127598838 651.4064903228552
194 0.0591128200867048 864.8677851393333
195 0.10160275636387486 458.40353909693914
196 0.09425330516692938 1314.8914179683777
197 0.06269265934016421 911.9195945289383
200 0.06331005084062444 1366.7375502880689
201 0.04733775389485066 1570.6403623964957
218 0.04082772583018082 1020.4452513181008
219 0.07147740540858803 789.4647531121042
223 0.056004741305225654 808.3997363693857
224 0.04219571557651985 910.4292949171692
225 0.03852289719443842 736.1659287247231
228 0.07513912575624018 663.0673196433338
230 0.06712652493832287 511.20228339928417
231 0.022273297580713926 1273.925967651128
232 0.03611545115465994 959.5747322778878
233 0.042494555592198655 1247.8191208741189
234 0.1114014021878836 818.979043306499
235 0.03188737376900268 837.4295840303093
236 0.19633437324534855 367.41719069500124
237 0.04140213259434061 688.5781781287405
238 0.2603950707565483 721.792757960278
239 0.15778634006416528 491.55461340472124
241 0.043866210633023144 711.8834802886282
242 0.2735938068987635 314.3044363758921
243 0.20196116438130468 459.4043682684064
