27 0.1953497881342919 95.89108244961795
30 0.034006505529601244 672.6381434313697
34 0.05867624336743372 158.92128555656404
66 0.03831292402705723 335.12065950940024
67 0.4747140653805397 52.515298481524944
74 0.46655964885162743 29.848702431651535
75 0.08702801107320841 272.0430519302824
81 0.26506964327810884 61.48470521699836
82 0.14792197069015448 90.09468473099632
84 0.024315799490734112 538.8908573384034
85 0.3270534330932832 49.04064757872731
86 0.5299861242241874 29.48165617084934
87 0.15774837423261776 68.1638933637206
88 0.017422192850997886 606.2632157716747
95 0.10209126775647319 385.7189992119689
96 0.03301476154024218 590.0363402232656
97 0.03384750249400409 621.2246194404977
98 0.051853482567299 434.25757933004576
103 0.5330636372809966 27.573502969359495
104 0.14219819373821213 174.46443207358234
105 0.3355057092233596 51.74734423201798
106 0.19070710937317858 158.28562177851938
108 0.5713189124964705 21.075425468265752
110 0.27738011382884603 80.77143278490024
111 0.6397505188207628 8.490637641216804
112 0.55576779053343 12.331510234382192
113 0.07119929055579155 337.23667655280843
125 0.7497568616449221 11.69347017473155
151 0.17936976408706015 237.30780058465365
169 0.03783572214144732 761.164874302098
186 0.023016457729725787 780.7094835519651
193 0.3487514746469227 31.835994437780492
246 0.6655754784520344 15.47094719899839
252 0.8594252830688908 34.47579871544958
334 0.0317220310480279 445.4399892475355
440 0.020604522575950766 561.0947907119482
468 0.5751360790987917 26.315431780795038
470 0.6385318947372364 20.545143032144853
471 0.6189980381491215 36.788146602940735
472 0.06787868974977389 350.12471797429777
485 0.4406644846481952 316.2541159547336
486 0.0979631980852876 192.25241926964227
488 0.4207217855164744 36.73241778716424
489 0.5001425363892908 41.35741173988654
491 0.09536372387622495 135.67459561710913
492 0.08148618287127428 206.19624182998785
493 0.5004923289991178 25.988585928892547
494 0.4564904877530928 19.540767247606368
495 0.5777904175361146 17.00516899138575
496 0.5678850508049473 29.148662464514764
