1 0.6232252320032516 30.651539728846206
2 0.6445460250234603 26.1724690953477
3 0.04687621660911716 400.18773793569807
4 0.781584032974449 15.615110231484312
5 0.5941974514340617 59.033154593868176
6 0.17114862499255246 279.6111178178175
7 0.020082819852633552 706.0486421069055
8 0.1367710581073968 461.48367716097414
9 0.5735182298688349 32.10635806860963
10 0.6661008679038997 17.63250166895315
11 0.7489733286550518 9.873056273148205
12 0.101177081922949 442.4110105008301
13 0.18974798592260414 391.7490426599587
14 0.12311189825203825 114.96469136784705
15 0.4560788511897879 46.61969893210524
16 0.06477442196430354 536.0476618447402
17 0.26920388443951304 74.44865763621684
18 0.01607473099439686 272.4445665829322
19 0.5801329896894357 138.4439291118051
20 0.1548422097434283 336.2135993382254
21 0.3445369810426694 165.7160952813303
22 0.16351501863505297 172.68470377124942
23 0.049467360792613956 497.6724087089766
24 0.6014111581075592 95.81557718757357
25 0.027306077808386606 439.7943498495186
26 0.5490848801257585 119.97322171837011
27 0.6340140926685303 68.43075539915385
28 0.17138931541526442 233.943219243627
29 0.046268762354273636 497.04769853377815
30 0.24148854040779086 403.31422305712636
31 0.12988125008558185 450.6370715459964
32 0.08354216962028575 276.49218636784343
33 0.1973065891373915 244.23126500738252
34 0.5044097057194992 43.96693214598696
35 0.23748141377114368 397.8190100982236
36 0.07019140765793368 495.9365342854124
37 0.0734856384165104 456.53014654888216
75 0.7364391728098709 9.913489163869306
77 0.09277572387297434 201.4915783912782
78 0.04591423394446189 221.38358328007527
79 0.8333050979812539 12.66754600054945
80 0.8620543595714621 16.593806748835483
81 0.8420697417017753 13.32752553591371
82 0.1759852921132171 219.6379385322615
83 0.796527349086839 23.409681181322632
84 0.5717260284248841 36.14444307139849
85 0.7786618279591382 11.563689347576954
86 0.6255535366850414 13.37850326382085
87 0.7263299548477322 22.12953261657436
88 0.8438529176836312 8.538089944103353
