44 0.6132007866963664 25.121156393927695
59 0.2286106150598288 356.91544639980964
110 0.2530750820440575 252.1902286188442
111 0.3747893188188119 188.64333556048945
123 0.5912900753128236 60.94689042958966
124 0.09480921399818962 506.33364964568
127 0.4875280369724354 40.41715591995844
128 0.43688678613686704 56.93942582426434
129 0.1044704142113577 192.7505953385485
133 0.13092945230952605 191.830836193123
134 0.203513656152391 276.45277141381575
135 0.16555449836549113 180.67659018280824
136 0.00833750844263109 1125.5760723947026
137 0.1580371554447485 147.25642808126017
138 0.5210586069412487 40.865264616791556
139 0.31519728778612705 47.10970605554333
140 0.35329062560464486 51.39892710823456
157 0.5078431171462086 112.80000655768674
158 0.08256113442808598 235.4792189812747
163 0.5527181460621775 38.44877708327439
164 0.1568979516448493 165.08919959723934
166 0.37948469635463355 49.203497309412654
169 0.2753118853624821 55.562523835062656
170 0.3020799148656503 101.65540379525628
171 0.5113072009870773 33.00460624722213
172 0.3612562061874564 60.17130134352491
184 0.46247332308995637 39.24832145905007
188 0.5694815320109853 40.28089463452366
191 0.1543316293474695 112.12337318682627
193 0.6568672947908858 38.905612483122745
194 0.18062001767582828 118.71697692675978
195 0.09019331822998537 224.87507557204688
196 0.2757603705409315 67.93883038126495
197 0.5279158254968944 33.0595852813033
200 0.07188210704857124 307.42930866663573
201 0.22597012643363373 86.0458261998707
218 0.023028961754870497 617.0394904477903
219 0.5585866404589924 36.36804429150405
223 0.46758504340101265 33.67803325310503
224 0.3168152495292389 42.076683124544736
225 0.1317677465437973 392.4830663061662
227 0.2083835873141831 68.44825180853437
228 0.3909237475344717 71.28734813636315
229 0.060899908240663554 735.3036022643541
230 0.1599988722920465 430.5664084973911
231 0.03662581954424477 807.5801743913634
232 0.6392219207881088 43.789129500882716
233 0.33978157051269947 73.6802110404662
234 0.12401592761209987 384.0979207601882
235 0.1300036814769925 142.6452030130238
