27 0.08041179433565462 783.9173248230996
30 0.020332829353413837 698.0545922994582
34 0.032332857385688724 603.6909517259433
66 0.03887762723798596 721.4365818733469
67 0.05170578314814864 511.1013126184394
74 0.05239967779532621 382.85915079649845
75 0.11624580736014173 414.9930117224636
81 0.08930308267651889 398.9485634384747
82 0.07075773860519032 419.11512048276666
84 0.029946859955583594 550.2529612066546
85 0.0500140290185446 557.7384421060392
87 0.06731014217572626 283.8863335524981
88 0.19594740447437264 355.15543557928885
95 0.034955076705803556 753.0530421970282
96 0.04778918769279268 773.7777624041444
97 0.014509085001156628 791.3696647037906
98 0.015193822867164164 871.8780424481159
103 0.052674258236318945 514.4042091726714
104 0.039205811484034875 730.9256129797176
105 0.03105078378335364 802.6366849457678
106 0.08009420573909454 497.4142774248364
108 0.05706202441658925 964.7740770851158
110 0.07693094655909123 293.48258194345
111 0.052684744855544974 321.6468878381044
112 0.059237610498809185 657.1458745615264
113 0.04530691525485114 598.2546675205832
125 0.028260383291090495 703.9348160886865
169 0.019465524003309514 746.2032179423443
186 0.008231477966025443 427.2344457326745
193 0.028224194750341405 747.5065594954009
246 0.09140021062635514 588.3039744365659
252 3.0136571820299896e-06 8228.127412552123
334 0.050893976727616606 582.0385486959108
440 0.03395834896251252 674.9918211525018
468 0.049977424091227775 448.51892306781184
470 0.0833006491329619 640.4307378298878
471 0.06438886714704065 605.9961918164329
472 0.07809170286674298 706.5753882502069
485 0.013643344678738385 720.4453280592465
486 0.05863793775890321 423.53960779992104
488 0.057374770544892824 816.4387820391344
489 0.08756371317072709 562.7159154176165
491 0.0402717126473304 900.6053262987549
492 0.10513179615784256 632.8655644759039
493 0.04055321988424889 475.791159593688
494 0.04366336790525581 946.0403139185388
495 0.16341437377147833 549.4844606570401
496 0.3159701391359717 383.39829841507793
497 0.09269148047097013 249.76926957206103
498 0.013642478813468476 408.2457672450443
