82 0.28035395386881895 354.77751674927873
162 0.024507434867361504 290.5341349763715
163 0.02853195801616916 1135.2090300364143
164 0.18583318202598928 953.9904153294821
165 0.01757907294895001 1319.5114591056358
166 0.02729509241515076 1553.8014247026526
171 0.7886523023215379 8.377428632786119
175 0.05239653104570312 927.9977609580645
176 0.2963170119373904 724.1081036200364
178 0.02291296582355498 835.3716142893422
182 0.4002076962653057 72.94965222932436
188 0.8838136802941274 11.291921121255633
190 0.39337646601143667 277.741040727178
191 0.3036418643961478 124.9106383478941
194 0.7590711896238271 35.13275415659507
196 0.565626554443067 67.29741159942384
197 0.8181762922907475 18.53645264695387
198 0.12546190561048118 206.08784585396106
199 0.753379238245918 37.01411249837813
200 0.6736649140487387 13.055055307249878
201 0.6041269926764053 29.02935331836908
202 0.19386402930329785 167.58100627047278
203 0.5195374940074067 27.903627600896026
204 0.07827838082966797 887.4849174058888
205 0.09780230700693027 357.61677900968306
206 0.18331984844375424 347.1198981985592
207 0.0519992317745284 1327.14527063735
208 0.08338965662562745 1338.3617445782759
209 0.1750986965663471 482.6235027916533
210 0.8443171314722986 9.16617955939956
211 0.22533123420047263 693.6764999770326
212 0.3135534279399659 712.1510240597564
213 0.6327957138488198 27.07615172526312
214 0.8498520362059946 7.778992651574878
215 0.07238425593695977 374.8881159099518
216 0.39473831138993487 72.86708798322725
217 0.03893403875614485 511.09639180618655
218 0.43670724949276196 64.42299021191398
219 0.24031140925073421 112.51817604211632
224 0.14026531948956603 473.8202073294026
225 0.31518752286196805 398.02247561179496
228 0.02144321679220898 374.56027442237877
229 0.021383897119783744 337.7600502754803
230 0.011480184726983735 364.5963954401279
231 0.1767842694951613 189.66034231070722
234 0.019007375694138736 367.5543319056617
238 0.25625059325541694 155.5158506681097
240 0.5474459365529845 32.905967317734316
242 0.033050218475987526 219.4884456734296
296 0.6105883754734018 184.62686781911162
