27 0.07856895764383212 393.0864379385541
30 0.06654899115300154 412.4166819896135
34 0.03652825421917845 224.830386017326
66 0.13006544805384967 281.0220341808467
67 0.07543151593429705 1331.9126355130443
74 0.056968977230311274 508.53112416423386
75 0.05057243715884071 573.7929412946738
81 0.10360157566683471 446.86496735908804
82 0.09416299841121581 198.77318695197508
84 0.055753885471813674 274.5755596495616
85 0.06782081308779075 450.09534614078495
86 0.06243047671682913 360.59921676085514
87 0.037387680046425335 200.00984354898037
88 0.054430875671069294 319.04424106954866
95 0.07246753579223328 633.3607824959811
96 0.07160679249214207 235.29680125641914
97 0.037815487049836304 763.6072617077951
98 0.06656301022055794 832.3935255834131
103 0.06703406860239462 286.1295386220941
104 0.06325144790093513 631.2247307574067
105 0.09966180659847138 415.947579087383
106 0.08178915737072269 424.367831959083
108 0.277529219255577 68.25277562159269
110 0.10148836769842146 301.4685708664954
111 0.11691139093518758 264.10808326075164
112 0.07058166084405529 161.0174283488914
113 0.13305744585125756 155.43585299577038
125 0.02246319365372452 773.7416829524827
151 0.0666292156962379 591.7816582907851
169 0.02283136681839019 865.2899379398455
186 0.07677066155276357 655.4525219583373
193 0.057510259080356355 463.0022562884315
246 0.01794047791735197 825.1047021330287
252 0.03904226439999212 1262.9500218911016
334 0.020221840945618148 837.2848184678707
440 0.08433535311096635 473.9634747387331
468 0.14796851593623173 495.17993715259905
470 0.18852409476946375 667.450202017269
471 0.10814863826092305 501.1834850047716
472 0.13577612172328385 492.43567580726085
485 0.02014405274842284 871.7768460480462
486 0.09770335663774811 342.6030959452231
488 0.14615522630192937 193.11361038970077
489 0.1333828781377375 136.97420230085922
491 0.09208137188271633 173.86636895124275
492 0.11696217481291378 357.9478768687872
493 0.1355709280027707 299.7951882838868
494 0.058988559213498555 198.16150072006496
495 0.49157079351199795 37.485214816379674
496 0.40922747214061367 61.756378171161856
