3 0.046464743215813196 716.7946626858115
5 0.14129488308108487 791.3151128937166
6 0.35990201205352873 372.91027191074215
7 0.02432768734873095 427.3836631131715
8 0.047758482701099225 411.3880133411971
9 0.04616888539309695 312.22491680591486
10 0.07820712061270303 656.9651736227994
11 0.7504076728498557 10.388349891619294
12 0.013605668421480754 295.8452802597051
13 0.03959321362054315 2100.828867030326
14 0.015375587774851807 454.6753484794417
15 0.06512099160697155 636.4884638668331
16 0.033171906386306314 471.1723310867596
17 0.005301907975377309 1066.9177301902866
18 0.04441981308478188 822.4341132200262
19 0.12638573127741096 576.5070431200683
20 0.04680420411840161 675.2091361726269
21 0.01750329122045955 807.4201297310325
22 0.037493980396184824 588.4570609708059
23 0.08141422859482535 834.4519796915857
24 0.06109040351421819 879.1580583765726
25 0.2196534171929191 183.3647559961689
26 0.151295115023136 484.0561681526408
27 0.1752755001966171 252.1406368754413
28 0.036766669075181016 1056.2872297696142
29 0.10737041306319561 670.5736131127827
30 0.04079527136532937 668.6806052620685
31 0.06717655496184145 381.3229055027943
32 0.045127138667758054 642.3652416236395
33 0.0729972171939927 854.2750406303055
34 0.13321620852266064 710.2139400822468
35 0.051283524075373926 621.7566856079982
36 0.07465512956008373 785.4115697376419
37 0.09450988486960563 856.8839027340236
75 0.48981667656663336 13.114016725503657
77 0.057922726176320306 469.7555784125978
78 0.05295397674388918 204.1879736609405
79 0.4154547611035241 217.8931013747599
80 0.3127074636006277 139.36270686033043
81 0.6521839628108825 58.60890306944315
82 0.32826408907751453 90.01942307343803
83 0.32318206163242635 230.96078665199119
84 0.5296778096992801 36.58315117664265
85 0.4251493973503728 87.8179054219356
87 0.4483288450789182 122.29177414394997
88 0.47705663991839165 104.8993497845393
89 0.482922318010431 59.10738908419324
90 0.5095400124159507 200.01901086070853
1 0 0
41 0.0 1267.196293423431
