82 0.4891846064702027 67.20548066413689
162 0.04507680367614496 247.97282975032135
163 0.754846779912196 22.167986464359085
164 0.37443672013577034 90.91644005894835
165 0.01857257250704586 907.691346767512
166 0.03663918175946771 706.6108342261849
171 0.8627934904942616 4.901819169628603
175 0.037333604481726027 902.1293401523835
176 0.300297037244673 114.77082570038834
178 0.06884575914898097 117.21039652089839
182 0.6049605597256459 56.44811821918215
188 0.22793875331729882 451.777621479748
190 0.6818957908731634 57.13150364252151
191 0.5513780043776793 59.01075295544367
194 0.7096579104321591 43.951753883350456
196 0.6404562500288955 78.52418905547843
197 0.7351208098121853 32.827526733193224
198 0.46082883673964364 75.62788243929919
199 0.8056235645014116 29.73144374340729
200 0.24946123094807954 109.33772039662625
201 0.6063448312874533 30.305562885661747
202 0.28240745045819665 87.65418229426652
203 0.5166877938972252 33.94630086501256
204 0.10940748951189884 550.5282471530755
205 0.24606832785964572 143.06849427286357
206 0.18431366232357216 244.10482878835762
207 0.21111808975831647 172.63565768536722
208 0.08217467846277607 1131.1377503851277
209 0.27223926728895426 290.1563420767187
210 0.7251113625199134 21.255167619694483
211 0.27467834196384006 598.8635943273059
212 0.33557692660854843 516.402750542579
213 0.7010908004150456 20.814205487760272
214 0.5513117441459688 52.22027162479932
215 0.08072938317657735 223.1557790194961
216 0.25769408276667866 1017.0226270489128
217 0.13292408056791463 363.9024954693054
218 0.5598178044786251 46.666772003116066
219 0.05167859025560924 169.7373276526673
224 0.13758433751920937 526.459812482283
225 0.5235706182458428 77.59312311898411
228 0.036854714522698326 287.9904690409232
229 0.008208630073768562 307.7532840619208
230 0.01138462221373566 336.039080088223
231 0.07913141186510914 273.1438111882639
234 0.03695971611098344 300.1993233911838
238 0.24248087904114987 211.20658255844126
240 0.37285466872507833 58.10431172380311
242 0.16997937473372313 173.60503062383518
296 0.5758756238178045 212.32156827514459
