82 0.34013893903897674 178.90029815429148
162 0.23376344203821808 244.1428046640359
163 0.6380571197428737 65.74777306585949
164 0.23080808644652528 184.71522805261864
165 0.14377472447643824 780.3493579723167
166 0.02275891620145466 1082.3644644229646
171 0.48712639179195144 24.33750534882323
175 0.07775598063374166 225.51851658853997
176 0.41639967516303866 144.13732348006076
178 0.013905583468848164 1262.141099039138
182 0.45361148652158706 39.22317447485868
188 0.5328175218644295 91.87414162556622
190 6.965434384438593e-06 1391.2434481870496
191 0.4824709622912096 141.02131944429155
194 0.4640652658658141 100.7792669207006
196 0.44590538060609247 940.3137663433315
197 0.3921606335129771 134.8108468553392
198 0.14590958213190375 1039.3902054430575
199 0.40781091516083723 520.0396388025454
200 0.06091823153599672 990.4040144924938
201 0.42607206119974234 197.1070114725136
202 0.08120870116270916 677.0804540816283
203 0.15778588350392903 635.3585047190796
204 0.06955061050636827 992.0391871432565
205 0.018199976915173284 925.7536067292388
206 0.08739252294823283 851.9991135345954
207 0.07218687333402103 1031.8557564951948
208 0.16903295411663122 921.685798994303
209 0.07119036262656953 838.9642932210547
210 0.06872967953416158 521.3333218112973
211 0.1775551413219915 591.9066014251546
212 0.1330815019801156 826.8250703683746
213 0.14697384163621355 1608.1560731337702
214 0.11939662145806484 1294.4031261824211
215 0.0996044814066518 394.25299876560007
216 0.0967039036845341 674.7017328133743
217 0.04239658318841283 387.89742863892707
218 0.03615272389724462 483.7857273698182
219 0.010175972441846346 1282.2191533049677
224 0.07700702865889379 895.7696709530976
225 0.030699103459832545 1309.8003481977933
228 0.009770244484208719 420.3660420520074
229 0.007889289697801337 757.8437887860789
230 0.008121010784556302 1136.0750015646108
231 0.09243792158573105 395.22837056090805
234 0.023901954535672575 803.7947668604826
238 0.07174006059648919 645.2527121360007
240 0.4198573970212365 85.48336585443732
242 0.31306369156668473 159.6320245264676
296 0.31059235186921413 307.3512757164052
