44 0.25083280763240945 194.83542621302607
59 0.23331315590453014 247.67084565514529
110 0.3118309530916871 379.3693667944211
111 0.40102042322405157 250.52085176230617
123 0.018926465372061323 951.5073037608422
124 0.21745610589317477 128.23816897775703
127 0.46505342372401565 33.58731309600828
128 0.40413454675058064 161.98182109692357
129 0.011666437701904656 688.3831742199579
133 0.009525730514220798 604.9618673339771
134 0.013405290626246466 440.66171904291184
135 0.12667034157450147 365.92742318244683
136 0.020338940013341997 968.7604115715933
137 0.4257546734225029 165.1485580475881
138 0.01720029988966133 1081.0510031740964
139 0.311136837611565 41.91937711680774
140 0.018082727836807203 644.5860772596221
157 0.5334851676267395 64.99527200795687
158 0.11648369193145795 235.50679776342227
163 0.009317200025404933 826.6503392254881
164 0.38100584469923016 41.48499672883635
166 0.47467365128504263 28.604061775952335
169 0.006435736141810629 846.5165937943802
170 0.16332649158258603 413.2279571595419
171 0.005797048765428808 863.1337918746775
172 0.008771470473148243 819.1133433160577
184 0.541721376484975 31.873586047291617
188 0.28605584207188434 222.25735404621292
191 0.1281321203714852 340.35628878345636
193 0.022066746867040795 635.2637937267517
194 0.14476053853539053 320.8287902652336
195 0.5735254889141393 24.167783200218164
196 0.022289879827747557 659.9516750219088
197 0.0177566732575962 673.8993578657484
200 0.04739878002069868 418.08899753188217
201 0.6526368943814722 23.142889010922225
218 0.02176842790331902 843.5187497210432
219 0.0927595936379849 356.30051224026846
223 0.40262058832793995 82.33718504237798
224 0.011420928753046016 845.0825035928618
225 0.023173427496926115 831.4274567071723
227 0.21882118893371855 55.99952106071713
228 0.22229972276097457 146.7738081405616
229 0.4940071984743472 74.35102576497638
230 0.3509717874585353 83.71805600165948
231 0.01730165237577483 1099.3788937575903
232 0.01460883242176852 726.3293403151082
233 0.17286957491857605 276.5844459746387
234 0.013253406890851019 751.5344875967228
235 0.0572766724052828 112.50497990818519
