82 0.29545687944580024 110.28617838088762
162 0.02480467772562931 241.0220519878618
163 0.7163380674800264 58.16282159564718
164 0.7070649941533066 58.84803951743905
165 0.006247065553696307 884.984933863336
166 0.025531125249326336 919.2019269612535
171 0.8453512011096674 5.707335418494114
175 0.044996403896648066 921.3971129516848
176 0.5583511341434533 74.75424951794179
178 0.5676629133093255 50.62717816984629
182 0.26564729339596566 404.30812950422074
188 0.9511667472054988 6.288554140872009
190 0.5537672433711778 107.95973781079367
191 0.34840986383164985 249.99829903263222
194 0.8427934030869184 17.558080703468768
196 0.4982945051763702 180.73698434386904
197 0.8040374009003575 21.18546068856695
198 0.3612142030101766 135.3631347101487
199 0.7296365344148761 48.2120418523733
200 0.2727124019087164 236.19392381679162
201 0.6036726523724419 30.89715992713049
202 0.16998095759432613 163.3823405920564
203 0.4864895005676302 71.30130055564439
204 0.36019390974161325 401.85609321743937
205 0.11447600788516207 515.2770327981079
206 0.13422635614677514 312.45701526671303
207 0.04655217759241495 999.2317237235741
208 0.5010880109060217 27.959401246197615
209 0.5848419601033005 34.172082233955685
210 0.7000336290970541 33.571689064099296
211 0.24600630904301973 596.0370176820938
212 0.2474378332460948 640.3706745649845
213 0.5741083399183168 49.07721442673608
214 0.7966668072990751 15.273554624523761
215 0.10944529084276063 386.12325058154096
216 0.5165655155189629 23.09845647463623
217 0.10124522843799622 305.572708177511
218 0.05747316839195193 263.1982576422241
219 0.037937671489189397 400.9304186814531
224 0.12524258488994766 538.5809966915905
225 0.2892202267424803 420.80899248781964
228 0.04406802802285996 434.11389074262934
229 0.0341419426868433 276.6839896011913
230 0.011421721651569457 324.03169641002097
231 0.06661489511346577 465.8910844789991
234 0.027472477447771575 548.6086490721782
238 0.10309392534044919 362.67939094298976
240 0.49336760873779795 43.58480670996595
242 0.28504939260536205 196.47150924801
296 0.5360494861683538 208.23977792875053
