82 0.49502768000081376 59.14481420603778
162 0.041530784264901664 281.51769256901963
163 0.7097386026387535 50.39953475329709
164 0.38067028641454964 153.88442719233603
165 0.018575794857725706 308.05782774997857
166 0.028481380275187457 485.6423333234293
171 0.8371621647798618 5.951334881895037
175 0.04905424785323496 840.6828264575698
176 0.5392854430134988 87.0187399506549
178 0.13352928114682278 158.8149873233398
182 0.6299492174771256 22.208989307195072
188 0.14863981877348498 514.2330639881002
190 0.36121276449564543 210.7872540609153
191 0.4133976980988442 112.75045973504592
194 0.7702924403810524 29.47731785012444
196 0.6303736942736068 57.37700833352153
197 0.7515429377224032 27.80216697740839
198 0.2106995057445249 153.99600226067784
199 0.7627399832776273 30.489167968336563
200 0.4723261362201381 48.2069426772541
201 0.5458625648324025 64.96880549113403
202 0.38855409929160833 66.03166826061593
203 0.511302177160312 35.88277749534606
204 0.0978958790150819 740.5161780444706
205 0.09964333432469681 315.2820788654697
206 0.16228515178030947 416.3585358637038
207 0.2706859616207516 455.5570423961546
208 0.08698606932615476 982.6471628357515
209 0.1073190804883223 610.7480689220547
210 0.684069798208346 26.827045567256437
211 0.2888662553484419 576.2886119690511
212 0.2727092293281523 664.5239199774292
213 0.3488292944986274 93.85430652417561
214 0.5062144848905357 54.02633717497714
215 0.0878675879336566 382.1069826363406
216 0.3034325578446531 388.0965287835209
217 0.06032028138822166 485.9775101595675
218 0.3021427162675471 138.73231629706453
219 0.04250615252017349 385.97897121997465
224 0.1317768416344894 561.978447868439
225 0.49607859069308385 100.87648287032395
228 0.020038838926470653 372.0167659777849
229 0.018601711087337686 339.95504059974564
230 0.018097588489023597 358.9128535933283
231 0.0768282781158376 298.66738653009986
234 0.02667625884115968 347.96064181529596
238 0.27592448012251675 465.9215006685083
240 0.5187712262379937 38.77423966362455
242 0.23684711924487836 108.57581589657946
296 0.5945679183418182 192.87682644694715
