27 0.29476734515854175 72.96024349824964
30 0.055582655696734116 358.52404022319894
34 0.1561240794686297 117.24021060846817
66 0.09787059059737067 280.3722432216045
67 0.3453171439594263 56.78748248608217
74 0.14471009297065796 141.46599929061122
75 0.1721453520260469 123.46184243988237
81 0.19702402056599755 103.57351009786466
82 0.23465539325666548 45.653370858427955
84 0.3616319269890232 54.39519925860492
85 0.07598339625888349 102.4350526502533
86 0.1648820134078315 108.06920695708637
87 0.1432312011616575 97.1080482048096
88 0.17357629796300297 87.18675523519802
95 0.3074436112238338 55.50905274571066
96 0.17782771145515394 90.45101553019803
97 0.0360958716459972 658.332944529201
98 0.502758503410972 36.52101263675258
103 0.179754633444387 90.19694716869434
104 0.11379930465245372 151.53392577407985
105 0.08495048269226892 143.23629029527626
106 0.32046912067190536 78.1105281438778
108 0.6074885197468429 17.9999338360878
110 0.41263349410706085 37.087312433667904
111 0.5088940791914608 32.91627218955084
112 0.35151497510810964 41.06936685307314
113 0.6103607620460496 25.57238966712253
125 0.4542487751735804 56.84916684772333
151 0.35464240866907776 82.20242449921078
169 0.021148943058696572 762.7874652919295
186 0.365801460415878 53.82281695438667
193 0.15681714419361753 92.9882290091626
246 0.061453477272361154 405.55690871972564
252 0.3717825718612467 118.04392386991219
334 0.022592320200998637 578.2372176893839
440 0.23394088731737753 72.24462800472068
468 0.141117924262122 108.75903832439035
470 0.3002818208832093 67.24160112870308
471 0.279003836241088 64.80141718991047
472 0.5841816584178077 40.23014478150209
485 0.023969512843204685 658.7864832303051
486 0.5919035650906787 29.633674954841933
488 0.2257379101681265 57.9351638795211
489 0.6639411440569467 18.352390116093467
491 0.27262330399233947 65.50343614921437
492 0.34953678477871425 48.120208793713715
493 0.6366162585652289 20.29599276256628
494 0.1930361769212853 60.335581700535876
495 0.6522799458016262 19.269128813577943
496 0.6500230409970823 11.959480112368183
