1 0.21952948314671183 210.03212947104902
2 0.36484854417697593 140.22418968274337
3 0.2390076745264797 176.8464168195457
4 0.4548184496022504 94.5828407061621
5 0.40353224971065854 145.12463152271673
6 0.42898093102528234 153.81354811945278
7 0.09051649311949855 606.0083655682898
8 0.047758482701099225 537.26786052614
9 0.08932453523786962 100.40717176521697
10 0.5172749212722154 50.76085717830731
11 0.7541735782610296 9.833150597648483
12 0.021696831444613495 390.99317463698327
13 0.15624387139834428 245.36557825987683
14 0.05236301985597441 249.6554838890167
15 0.28486292081846243 149.4131754318179
16 0.05696856994316922 350.42663158798604
17 0.1476587073430488 101.75284104786151
18 0.17105631097467075 106.10915896687231
19 0.364985335409254 152.43358208960782
20 0.1548513868219206 310.01613633713674
21 0.23559710395250746 189.79138341351103
22 0.12526014702676372 242.29955838152392
23 0.2327652177691989 292.39075801107464
24 0.3647029153119804 277.9238260343025
25 0.20291644752086352 65.06283268173426
26 0.434378866939312 129.70373794708357
27 0.4139800972446285 202.13036736764917
28 0.2520696517057681 246.4184298465848
29 0.28087433006067375 296.61388497792495
30 0.2092511556302366 365.6254322213249
31 0.2552631616318593 264.02837389443346
32 0.10088910318420498 278.75787213988673
33 0.2187976360517428 252.01936370839772
34 0.14595052998447228 298.4700241603822
35 0.2479552042841718 364.87786984882524
36 0.2257667784725004 310.2751957639624
37 0.24887476869811603 223.7898598256674
75 0.7937917602256769 6.57037971105827
77 0.08826324066101747 209.0406755109707
78 0.054445290733188455 194.21130738527395
79 0.8774788265431106 8.50444485398234
80 0.8125632761849131 12.36533407265599
81 0.8580179961574176 9.342396276362823
82 0.8199950008920089 7.367949681539131
83 0.8170966099566973 6.5667281392323655
84 0.6564783709359457 18.79608452416007
85 0.39880352128432417 30.32828280076092
86 0.5982875315565834 15.807097165151443
87 0.08625153665712364 165.74084634284915
88 0.8347341309591958 11.475584757378394
