1 0.3252395648735677 162.14843111872446
2 0.6525171205260141 26.59496862154758
3 0.3285043696567565 108.01356976715087
4 0.3771497425035277 103.94121241144084
5 0.6505461762327643 49.71727584295421
6 0.7065376171970805 33.53677006138839
7 0.15282024589465665 409.7205699688837
8 0.07642758136627537 727.7492825517119
9 0.17791210530666335 111.0612303957933
10 0.5372100027470028 53.282253807522466
11 0.7774624072955191 8.385833085769509
12 0.08332345455863294 350.1917222560931
13 0.17250925879423787 269.98392437255404
14 0.06978809520631665 288.69871152504106
15 0.5589539095705489 33.730442440785794
16 0.05020770291117934 411.7420582447952
17 0.12347437629672182 165.49873495043008
18 0.05257055873876132 145.57990914226232
19 0.5306965910381446 145.86088113530053
20 0.23322158405827006 275.79706594308146
21 0.3951603510222719 162.70788142169795
22 0.24673371313989573 148.37023716280385
23 0.2852767725631879 304.12473458649447
24 0.5416269263567103 95.15341005272778
25 0.1042293625827727 192.54093529586837
26 0.4454268462374357 220.96510453084912
27 0.5553460575180483 30.931255598142506
28 0.24669042245016473 159.9986683370083
29 0.21839800644132287 768.1397178871885
30 0.26315233498039303 328.2159881682543
31 0.09808071435815088 314.1741536544613
32 0.09218486616179661 281.3834898172573
33 0.23567967742126228 253.63778965056972
34 0.5483240256602877 33.37164989448381
35 0.2646837425313624 343.62416217516517
36 0.2398287063799349 265.6837295174213
37 0.29129033559936557 221.5025712711286
75 0.7597856008796152 8.776989148236277
77 0.11622941807801594 170.4791835886801
78 0.12435033174247836 116.44541694508085
79 0.9111018127163276 7.976564439571267
80 0.9031622427372485 16.39529962044702
81 0.9087684519022086 9.83470057804116
82 0.9180443037135972 8.117077988331827
83 0.9436568636608056 5.843792689139461
84 0.6158023207359775 25.978460722855996
85 0.45478315425105004 58.27916501243655
86 0.6384034894970158 27.649695759188578
87 0.5979392082774767 53.90273612952342
88 0.7974654973437266 14.862941768175148
