44 0.17874585672204255 241.8872754954581
59 0.2708690848400507 162.28693419864172
110 0.27479400157841344 336.59201767488975
111 0.15110204944001226 376.9807118344875
123 0.6571579476622781 14.81747900966063
124 0.02949423654345109 790.3568008375373
127 0.43984448502594364 76.82515053518917
128 0.4484851712850017 101.64140373969019
129 0.11187799459333647 219.7239007584803
133 0.0877753618077615 254.40872673303943
134 0.24213873311479175 142.14993890862246
135 0.1642528229652898 148.22213668648425
136 0.01966848569540877 1032.2890477690228
137 0.3706065207343962 152.98702550342117
138 0.22729847532508568 143.46983867434076
139 0.059195570438186365 533.574025879508
140 0.0196807481104273 1030.5447318077845
157 0.5721225801124247 33.54037425044691
158 0.2684046996483798 78.0198220488867
163 0.6494878168523635 24.404017355173323
164 0.34030199799032684 48.31499310248327
166 0.3509896476343203 97.19998538003179
169 0.27558393810916254 58.359232852412724
170 0.13540655150860606 281.6410605980165
171 0.029441871930503977 654.0398391978568
172 0.0440708953511412 635.4460859602053
184 0.6119124940357379 20.23357180796438
188 0.5125599957455953 49.33823309980729
191 0.10985344684746372 401.9815472116785
193 0.27284363979723814 239.72195187156274
194 0.1471566994757927 282.11937874889367
195 0.17802844478153051 238.77064534959322
196 0.2783797539552922 73.45025869294953
197 0.38976267709615303 45.13964108720975
200 0.10737969318758604 324.6910060203347
201 0.6210743071908537 26.351769548799236
218 0.1007605119718641 530.8441219706946
219 0.08001238409212948 580.6380987957302
223 0.13359051630991553 456.7280813686627
224 0.02547391161791596 786.8083250880608
225 0.4796275782909872 51.360523030643094
227 0.012364563700005734 1040.5673221200038
228 0.403724312278476 52.35306156853196
229 0.6406096236933644 20.9036093664284
230 0.1960209794380389 393.2540137994177
231 0.033949385108748446 869.4201432717666
232 0.2075830290514872 275.04033211943613
233 0.19200844860642072 389.1671593646337
234 0.13725851263000186 462.06054410709316
235 0.11101170770245233 320.6955270296083
