27 0.43188869533782626 34.93203329959223
30 0.1395883031702954 363.7172617934516
34 0.10874322846839649 161.25201139619605
66 0.5781696765712602 30.239240824978463
67 0.41353975343028704 64.9640209717502
74 0.38403470651739835 46.482077238410476
75 0.39211900215554774 30.069026729141445
81 0.5225478420964088 28.23305275877194
82 0.11633159149556914 102.14852394846571
84 0.5507196075515594 24.59057228784639
85 0.22317034177139247 69.27703059599412
86 0.6264920006641482 19.258648553448413
87 0.2600724499243211 46.94585995763747
88 0.44522187985099576 43.28793403994844
95 0.19997189865159898 75.97834622683828
96 0.14431830375529842 135.6491051553772
97 0.03919773631372249 439.3517926569274
98 0.35428573057485613 41.377677904095705
103 0.5652129181659641 26.05963842869521
104 0.1704063693569536 142.3793308608979
105 0.30958237988699927 75.35539608611056
106 0.2976679780065747 62.3859296075175
108 0.48916782064025266 31.62350142397415
110 0.31175433894871557 62.79594952457339
111 0.5506475775007569 18.34383803729243
112 0.5190927968050464 16.287136635980612
113 0.4943089192084014 42.754744315856485
125 0.6954070603101239 18.206094377848718
151 0.10485008417216869 409.984827585059
169 0.02411535876637779 772.8873002333021
186 0.1537939583132011 384.0309858556564
193 0.4518583624233278 22.685191145148288
246 0.4454905022938482 30.030806916228933
252 0.31817774560247075 52.456416598229126
334 0.025872933342562486 425.463615100181
440 0.32255400403930906 56.208147748403064
468 0.35701262413260026 47.95764527403697
470 0.7215833587251532 10.637878199509208
471 0.48897290441813746 30.07513048607129
472 0.6346155010193008 10.674045995099643
485 0.39655349633063447 291.1001561910119
486 0.5908773461682515 16.150281843551173
488 0.5019742566475691 20.29244697780103
489 0.46040353958574104 48.35604260096943
491 0.26310625570599255 48.40958974048382
492 0.4241890702216901 49.37267127470458
493 0.588737100923519 20.880162773660075
494 0.3684493509043772 35.70766247312442
495 0.6104792480852237 15.705658150584595
496 0.6283514708179562 18.264275514985076
