44 0.38270709243823786 185.7807942175981
59 0.3236772635532684 140.28390945019714
110 0.24446186591442998 369.6676077317277
111 0.3532450846415023 326.1127775225447
123 0.23043935642750818 156.70601900714777
124 0.017203225003452432 815.9461686387203
127 0.42019261627598753 69.54161999660514
128 0.4094197630440644 89.8742784363955
129 0.08229566326460039 273.89280651187374
133 0.1024204566110253 211.2005510017043
134 0.21770537561247313 82.61777389115697
135 0.1641267208602225 119.14354981232479
136 0.017665008544845182 986.7513225249161
137 0.28253359678363404 118.79597389085679
138 0.22192862741267178 157.65510269037685
139 0.11371663200992249 42.96508831749446
140 0.08958879781745821 72.29031105794893
157 0.4811521882414785 22.787032245029337
158 0.04075305108289631 704.8074448074613
163 0.39484792221176884 43.2803671972349
164 0.1856243198175941 66.47481115059372
166 0.019906146507168602 204.2785010039818
169 0.2955499016911555 53.482557425203645
170 0.11367677425137726 507.5121003474143
171 0.528535863146173 24.640759826762558
172 0.44406367875613195 48.47190146180633
184 0.33307739171085615 83.61208135411474
188 0.20684056847869145 511.713689624644
191 0.11631346782059432 352.40020102561414
193 0.25045956463764457 268.88280766940125
194 0.15566115383153087 297.6421522921573
195 0.2099123457611824 299.58534958288334
196 0.2335131196013532 84.30270266010321
197 0.2018873735913906 179.6408187978318
200 0.06888150162095594 279.82869836278996
201 0.6350561885759877 21.20270177228916
218 0.1718247659980951 352.73302674998365
219 0.12748705890407588 443.41215726852045
223 0.3381406841140523 57.79776368540153
224 0.1696219596277552 285.59073393355266
225 0.2810223720982149 155.10175415760588
227 0.02589477336596269 391.2116777215229
228 0.29126116799769064 106.7331298459029
229 0.5148525619334049 80.98840156204511
230 0.5108645863516872 35.840051183323176
231 0.03342954870442783 859.295032958464
232 0.06737319358835998 342.1621864623039
233 0.23931162096195518 112.21479623945672
234 0.4267496278025312 57.06710716607476
235 0.13887344797457907 64.03978015705839
