44 0.41928112107687915 66.94513999755888
59 0.4125395963568652 96.72924324626358
110 0.3052845340702925 299.8933725327049
111 0.39467195051197224 275.89577025305715
123 0.6448989549247414 18.2739169755574
124 0.12088922558325883 518.0754706780344
127 0.4846248675041639 45.90599214710775
128 0.46100259599889143 64.57234664150488
129 0.12660527730322735 168.26304279340732
133 0.09880676221252661 278.72137440108656
134 0.3231865350348605 91.1722176698297
135 0.17365718853139267 97.9796344463979
136 0.023314618640902122 1008.4117654534687
137 0.26465904512296734 89.29674641588946
138 0.25468905479792714 104.90059432194894
139 0.26161056395208937 50.3527620321674
140 0.12980306120751484 92.51698351647768
157 0.35508008700539795 133.17336666812025
158 0.3322169226339946 66.6815888075118
163 0.48680999922769397 46.01145326281818
164 0.4375148232664876 39.246469796144815
166 0.4763140477542434 42.81288892384873
169 0.27928678853293537 63.075479056067
170 0.1818786621339048 389.6278763253941
171 0.5105062071196086 44.30889398445404
172 0.5358724647158432 29.779053265833447
184 0.5522570278875683 34.03878325605495
188 0.2478251507280234 415.5927098319868
191 0.14501463109535098 279.28186128803185
193 0.27916047223946255 366.98172486225917
194 0.1615950080127578 304.6194577670354
195 0.3718807097965402 104.78203092850313
196 0.24380362686392817 97.769106913482
197 0.3849133046132022 51.734269523633365
200 0.06210357003884159 295.84786089174344
201 0.6544651860900499 20.686599992137136
218 0.14716323725630598 330.70671645013067
219 0.2367464452730532 310.4284699173945
223 0.5049487999988095 20.686717513389876
224 0.31147539711414324 91.65347000721276
225 0.40819693165510507 112.62935312332102
227 0.23922484186194165 49.6125822525491
228 0.41533804318079637 58.69041973557826
229 0.6070897912982615 31.820115563493424
230 0.45615336540836315 52.20762319746787
231 0.049874900623489864 804.7179454867662
232 0.2540872667366628 250.51127472897045
233 0.18960472672466444 285.5604188935095
234 0.40703353557852906 72.1231047847845
235 0.10627313736664266 90.61600390271784
