27 0.7165455548161045 8.535279762851673
30 0.16535481260651036 354.7672396766733
34 0.06474851228617798 129.6396482344596
66 0.749742589995829 8.538379696654141
67 0.5661890276917293 44.75789467518703
74 0.09894818224821862 469.24918004400024
75 0.7387353592185698 8.749853752731939
81 0.5421905042725188 8.809606639483059
82 0.17099992160629154 34.88348428554001
84 0.364801158503638 15.56548095369406
85 0.11663126181328537 86.27057857359624
86 0.5662099782172355 19.949232827294047
87 0.11351145759247541 86.21245697553712
88 0.7425199086758405 7.402262278851318
95 0.09850361424593826 512.2047558003476
96 0.0938023432867452 154.17955161988417
97 0.02339358945582476 630.6211954822066
98 0.08648332358862226 106.54822078148729
103 0.5840102415445434 24.895700733047804
104 0.6154709294099896 31.69615398640374
105 0.6620556649284574 13.654907202155949
106 0.5963670112203058 23.865392625325427
108 0.7854528079252677 6.530606739264749
110 0.3005093514528964 78.6095019322361
111 0.5223364227512468 14.370777579429738
112 0.15447950463820642 57.47045981545509
113 0.8178421969942675 5.218529720017783
125 0.6137971330662223 11.484443752354576
151 0.3251810230957731 46.20413172789482
169 0.02260728857417126 531.0147284041867
186 0.5889099030689239 15.82354270446091
193 0.3770705867244016 29.666611881155877
246 0.3681852604055871 42.06643929504796
334 0.3659270618487561 330.66025606769966
440 0.517015878970243 21.326477635188684
468 0.7537560272666901 17.674560688130953
470 0.8317016996146819 8.090007302001228
471 0.601936029655256 21.767846662365383
472 0.6554067485361296 11.012350044432328
485 0.49056207943798263 7.681124691101032
486 0.4161312907383009 10.728699782602916
488 0.46218463407791843 29.73126174951712
489 0.7073684591382011 8.627746152181262
491 0.5533246286169652 16.178991618699932
492 0.5882120328569767 26.288327795912526
493 0.7670070104608993 9.518350917686734
494 0.4115606426423756 16.32110580519476
495 0.771987047721142 8.333467627783806
496 0.7536282964590558 8.166639281173099
497 0.7732954028862173 8.684614783955544
