1 0.5567467731636611 56.54297266059971
2 0.6478054709517872 21.06194313821978
3 0.28236442659924726 149.767233678225
4 0.7548314123867501 26.165167289936445
5 0.4443350599224077 233.95182218411287
6 0.557231707626154 81.63608895314489
7 0.1207519713242462 418.44712788274313
8 0.01799213926248195 778.4480473271922
9 0.07444387419090565 239.77445568457603
10 0.4648217586703713 98.4817857751763
11 0.7856487023196892 8.74581414854265
12 0.02032549588850815 361.45172845226114
13 0.05355115432283531 382.58450016682775
14 0.03790380003033528 921.4200535765362
15 0.17597843196374524 160.44558267517107
16 0.05604315850185676 301.0076151712831
17 0.28269459265502994 139.01923054928838
18 0.04996578780587856 156.43172407568557
19 0.5454310989397596 142.2258319777677
20 0.04498351622146432 425.43284394622964
21 0.287066721366584 206.3275833387934
22 0.4975751342556457 117.61722679463375
23 0.1385663488759917 343.35229891174833
24 0.2815398900037301 316.71304417055086
25 0.2763693285403134 58.25635244393745
26 0.4040456608117558 291.6428304881021
27 0.611539995028063 44.320559905729304
28 0.17353074011653835 263.9535067862412
29 0.06648672988718203 359.95563437240537
30 0.15410460647785226 377.6255015651065
31 0.08821045021228466 334.12590675297196
32 0.06272403830103278 367.53336212770523
33 0.23039613516355706 268.77664709635434
34 0.5929946167015047 38.29967265409773
35 0.27960863417322307 329.92278205460985
36 0.1279756897994879 341.28618959024453
37 0.3431358552527114 218.5082995580501
75 0.7109832863993186 10.743010012916162
77 0.2396643556628193 75.09435585514414
78 0.10944686815642882 111.34075898455322
79 0.9507510676956374 4.313712208191784
80 0.9189588391530317 13.553099527297404
81 0.9467705701153714 4.483653759748388
82 0.9570429099276156 2.714414693329541
83 0.9557135005363028 4.247950719064676
84 0.8819184169976978 5.579205475067192
85 0.7809836372577826 14.48248224599762
86 0.051027533993553434 683.9828778648861
87 0.8530213613843926 15.253808385628489
88 0.8287233060287683 10.496187003955622
