1 1
2 1
3 1
4 1
5 1
6 1
7 1
8 1
9 7
10 1
11 7
12 1
13 1
14 1
15 1
16 1
17 1
18 1
19 1
20 1
21 1
22 1
23 1
24 1
25 7
26 1
27 1
28 1
29 1
30 1
31 1
32 1
33 1
34 1
35 1
36 1
37 1
75 7
77 1
78 1
79 11
80 11
81 11
82 11
83 11
84 7
85 7
86 11
87 11
88 11
89 11
90 11
41 1
82 1
162 7
163 11
164 11
165 11
166 11
171 7
175 7
176 1
178 1
182 7
188 11
190 11
191 11
194 11
196 1
197 1
198 1
199 1
200 1
201 1
202 1
203 1
204 1
205 1
206 1
207 1
208 1
209 1
210 1
211 1
212 1
213 1
214 1
215 1
216 1
217 1
218 1
219 1
224 1
225 1
228 1
229 1
230 1
231 1
234 1
238 1
240 11
242 11
296 11
66 1
67 1
74 1
75 1
81 1
84 1
85 1
86 1
87 1
88 1
95 1
96 1
97 1
98 1
103 1
104 1
105 1
106 1
108 1
110 1
111 1
112 1
113 1
125 7
151 1
169 1
186 1
193 1
246 7
334 7
440 1
468 1
470 1
471 1
472 1
485 7
486 1
488 1
489 1
491 1
492 1
493 1
494 1
495 1
496 1
497 1
252 13
498 1
44 1
59 1
123 1
124 1
127 1
128 1
129 1
133 1
134 1
135 1
136 1
137 1
138 1
139 1
140 1
157 1
158 1
163 1
164 1
166 1
170 1
171 1
172 1
184 1
188 1
191 1
194 1
195 1
223 1
227 1
232 1
233 1
235 1
236 1
237 1
239 1
241 1
242 1
243 1
