2,44,724,408,56,164
2,59,743,440,93,175
2,110,1191,929,103,147
2,111,1266,919,86,157
2,123,852,878,94,194
2,124,382,831,65,154
2,127,599,848,106,184
2,128,650,897,78,155
2,129,1051,532,65,166
2,133,1008,515,58,160
2,134,867,502,62,166
2,135,820,433,69,161
2,136,288,858,90,172
2,137,510,899,75,172
2,138,491,966,74,109
2,139,546,1020,63,54
2,140,631,1003,81,69
2,157,1443,844,70,181
2,158,1520,872,81,145
2,163,1466,799,81,166
2,164,1557,787,61,168
2,166,1584,974,64,100
2,169,1523,811,54,133
2,170,1380,843,70,127
2,171,1545,844,52,146
2,172,1592,782,58,148
2,184,1541,958,64,114
2,188,1260,824,111,193
2,191,1320,378,73,148
2,193,1235,546,77,160
2,194,1305,568,72,158
2,195,1584,699,68,154
2,196,1532,617,69,160
2,197,1490,634,60,158
2,200,1291,326,66,154
2,201,1483,393,60,155
2,218,0,730,39,170
2,219,13,670,70,173
2,223,0,639,35,145
2,224,0,710,29,106
2,225,716,837,98,179
2,227,1423,1028,68,48
2,228,797,835,90,196
2,229,1098,908,84,165
2,230,1288,694,82,151
2,231,547,751,81,181
2,232,1447,616,61,172
2,233,1391,644,72,173
2,234,1327,649,76,158
2,235,1462,530,52,133
2,236,1189,705,80,176
2,237,1462,528,72,149
2,238,1172,620,62,157
2,239,1222,637,61,148
2,240,1023,902,84,172
2,241,716,759,76,163
2,242,1082,746,70,185
2,243,789,661,76,157
2,244,790,719,73,157
2,245,880,681,73,183
2,246,1142,747,81,196
2,247,1511,488,70,167
2,248,245,331,48,152
2,249,197,349,58,166
2,250,1208,434,68,161
2,251,1281,458,55,141
2,268,108,1026,62,49
2,269,308,1025,62,49
2,270,1,854,15,163
2,272,1543,401,57,145
2,273,1587,345,61,169
2,274,1419,374,64,160
2,275,1596,316,53,155
2,276,1531,300,57,148
2,277,1465,351,66,127
2,278,1598,35,53,142
2,279,1552,33,53,124
2,280,1560,0,57,115
2,281,1518,42,49,118
2,282,1520,0,56,106
2,283,1537,267,58,118
2,285,1545,266,54,133
2,286,1514,110,82,163
2,287,1485,318,52,124
2,288,1374,0,47,54
2,289,1427,32,54,112
2,290,1457,41,62,121
2,291,1425,86,52,118
2,292,1456,92,60,130
2,293,1488,188,60,133
2,294,1476,266,56,125
2,295,1396,145,57,136
2,296,1410,237,60,130
2,297,1408,286,60,127
2,298,1028,639,67,156
2,299,1167,390,68,158
2,300,1112,397,56,164
2,301,1068,394,56,172
2,302,980,432,64,175
2,303,928,429,68,163
2,305,1265,255,49,101
2,306,1298,133,56,122
2,307,1273,121,56,121
2,308,1225,133,52,125
2,309,1223,219,69,139
2,310,1143,215,72,158
2,311,1172,169,60,148
2,312,1074,272,49,139
2,313,341,0,57,148
2,314,0,323,62,145
2,315,139,353,60,163
2,316,14,374,61,158
2,317,54,386,78,163
2,318,63,314,62,154
2,320,0,246,20,157
2,322,10,266,53,145
2,323,56,291,52,154
2,324,0,188,44,154
2,325,17,228,56,148
2,326,50,247,62,142
2,327,62,177,65,145
2,328,145,282,54,146
2,329,126,183,54,167
2,330,66,137,72,157
2,331,123,151,57,133
2,332,184,129,60,152
2,333,162,109,56,151
2,334,310,299,45,97
2,335,343,271,54,145
2,336,382,297,62,142
2,337,213,92,61,134
2,338,402,15,56,139
2,339,417,56,58,157
2,340,432,133,56,148
2,341,488,130,53,142
2,342,531,263,58,88
2,343,474,63,66,154
2,344,522,95,58,155
2,345,857,292,73,140
2,346,649,236,54,133
2,347,606,102,49,124
2,348,555,133,54,109
2,349,573,152,58,127
2,350,565,219,58,146
2,351,667,4,58,140
2,352,926,269,69,155
2,353,969,226,66,158
2,354,1027,283,68,148
2,355,709,0,60,151
2,356,762,168,68,163
2,357,823,195,48,139
2,358,861,178,54,157
2,359,897,205,50,103
2,360,940,169,57,148
2,361,1032,232,56,145
2,362,995,156,60,148
2,363,1044,176,60,140
2,364,904,134,60,142
2,365,612,230,60,133
2,366,764,31,57,142
2,367,803,62,49,119
2,368,800,22,45,136
2,369,970,50,62,140
2,370,900,46,54,116
2,371,1039,50,65,139
2,372,875,26,59,131
2,373,1046,0,57,115
2,374,933,7,53,133
2,375,865,0,44,121
2,376,1288,157,56,115
2,377,1,0,24,98
2,378,1135,196,62,145
2,379,450,159,48,128
2,380,1386,311,62,157
2,381,1296,207,62,134
2,382,182,263,65,156
2,383,223,50,65,148
2,384,1117,15,48,133
2,402,550,541,58,170
2,424,553,296,53,127
2,425,175,814,80,176
2,427,581,305,54,136
2,433,173,774,94,185
2,512,1380,503,57,160
2,513,1430,498,49,142
2,534,350,646,70,182
2,535,298,632,73,188
2,536,541,645,54,158
2,554,306,568,62,157
2,555,318,546,54,170
2,557,260,560,58,142
2,558,246,498,66,158
2,559,191,536,72,160
2,572,549,194,52,124
2,573,586,192,52,134
2,624,585,399,50,125
2,674,402,438,65,149
2,675,368,447,57,158
2,731,434,927,64,149
2,740,702,654,58,164
2,741,697,663,64,190
2,742,267,713,77,185
2,743,196,696,56,155
2,744,251,686,52,175
2,784,427,774,89,170
2,785,642,466,61,130
2,797,1360,298,48,137
2,798,1319,265,61,125
2,799,1294,296,57,130
2,806,627,627,77,166
2,807,215,446,61,164
2,808,273,450,62,157
2,834,493,697,73,166
2,836,479,730,77,179
2,838,236,161,64,153
2,844,1092,139,53,148
2,893,1305,293,74,157
2,895,266,433,58,154
2,898,624,740,85,155
2,901,920,794,89,160
2,902,216,418,57,158
2,904,676,521,65,133
2,906,652,503,69,115
2,907,544,374,57,155
2,914,525,613,58,142
2,915,485,537,70,149
2,916,489,507,66,139
2,923,357,902,62,173
2,925,1116,47,56,121
2,927,1170,48,50,136
2,928,1118,11,48,134
2,974,1181,36,45,137
2,976,635,576,57,155
2,977,673,552,49,142
2,1036,334,625,62,164
2,1037,410,592,78,169
2,1038,414,637,65,172
2,1040,366,395,66,160
2,1042,422,375,66,163
2,1059,608,446,64,148
2,1123,356,380,56,115
2,1124,804,589,60,170
2,1197,618,369,25,252
2,1198,621,271,54,102
3,44,723,406,56,164
3,59,747,428,93,175
3,110,1188,924,103,147
3,111,1263,914,86,157
3,123,849,874,94,194
3,124,382,829,65,154
3,127,600,842,106,184
3,128,651,891,78,155
3,129,1050,527,65,166
3,133,1007,509,58,160
3,134,865,497,62,166
3,135,819,430,69,161
3,136,292,851,90,172
3,137,512,894,75,172
3,138,494,962,74,109
3,139,548,1014,63,54
3,140,633,1001,81,69
3,157,1440,839,70,181
3,158,1517,867,81,145
3,163,1464,794,81,166
3,164,1554,783,61,168
3,166,1581,968,64,100
3,169,1519,806,54,133
3,170,1378,840,70,127
3,171,1542,840,52,146
3,172,1588,778,58,148
3,184,1539,953,64,114
3,188,1257,820,111,193
3,191,1319,375,73,148
3,193,1234,540,77,160
3,194,1302,564,72,158
3,195,1578,695,68,154
3,196,1530,611,69,160
3,197,1488,630,60,158
3,200,1290,324,66,154
3,201,1482,391,60,155
3,218,0,722,39,170
3,219,13,666,70,173
3,223,0,633,35,145
3,224,0,706,29,106
3,225,716,835,98,179
3,227,1421,1022,68,48
3,228,797,832,90,196
3,229,1095,902,84,165
3,230,1286,689,82,151
3,231,549,748,81,181
3,232,1444,613,61,172
3,233,1389,640,72,173
3,234,1325,643,76,158
3,235,1459,527,52,133
3,236,1185,700,80,176
3,237,1458,524,72,149
3,238,1170,615,62,157
3,239,1218,634,61,148
3,240,1021,899,84,172
3,241,715,753,76,163
3,242,1082,740,70,185
3,243,788,656,76,157
3,244,786,716,73,157
3,245,880,673,73,183
3,246,1140,742,81,196
3,247,1507,483,70,167
3,248,244,326,48,152
3,249,197,346,58,166
3,250,1206,429,68,161
3,251,1279,454,55,141
3,268,103,1025,62,49
3,269,304,1019,62,49
3,270,0,862,15,163
3,272,1540,398,57,145
3,273,1584,341,61,169
3,274,1417,368,64,160
3,275,1591,312,53,155
3,276,1529,295,57,148
3,277,1464,347,66,127
3,278,1597,30,53,142
3,279,1550,30,53,124
3,280,1559,0,57,115
3,281,1517,39,49,118
3,282,1519,0,56,106
3,283,1534,262,58,118
3,285,1543,262,54,133
3,286,1512,108,82,163
3,287,1483,315,52,124
3,288,1370,0,47,54
3,289,1423,29,54,112
3,290,1455,38,62,121
3,291,1423,81,52,118
3,292,1455,87,60,130
3,293,1487,185,60,133
3,294,1475,262,56,125
3,295,1395,142,57,136
3,296,1407,233,60,130
3,297,1405,282,60,127
3,298,1026,634,67,156
3,299,1165,386,68,158
3,300,1111,395,56,164
3,301,1067,389,56,172
3,302,977,430,64,175
3,303,927,421,68,163
3,305,1263,251,49,101
3,306,1297,131,56,122
3,307,1273,118,56,121
3,308,1224,130,52,125
3,309,1221,216,69,139
3,310,1142,207,72,158
3,311,1170,164,60,148
3,312,1072,268,49,139
3,313,341,0,57,148
3,314,8,319,62,145
3,315,137,351,60,163
3,316,12,368,61,158
3,317,54,382,78,163
3,318,64,314,62,154
3,320,0,247,20,157
3,322,4,265,53,145
3,323,48,289,52,154
3,324,0,184,44,154
3,325,12,239,56,148
3,326,42,246,62,142
3,327,62,173,65,145
3,328,143,282,54,146
3,329,127,180,54,167
3,330,66,134,72,157
3,331,124,147,57,133
3,332,184,126,60,152
3,333,161,104,56,151
3,334,310,295,45,97
3,335,343,268,54,145
3,336,382,295,62,142
3,337,212,89,61,134
3,338,403,12,56,139
3,339,418,50,58,157
3,340,431,130,56,148
3,341,488,129,53,142
3,342,529,261,58,88
3,343,475,63,66,154
3,344,523,93,58,155
3,345,856,287,73,140
3,346,648,235,54,133
3,347,606,99,49,124
3,348,555,132,54,109
3,349,574,148,58,127
3,350,564,219,58,146
3,351,667,1,58,140
3,352,924,265,69,155
3,353,966,220,66,158
3,354,1024,279,68,148
3,355,707,0,60,151
3,356,760,166,68,163
3,357,820,191,48,139
3,358,860,175,54,157
3,359,895,202,50,103
3,360,939,166,57,148
3,361,1030,228,56,145
3,362,993,152,60,148
3,363,1043,173,60,140
3,364,903,130,60,142
3,365,611,228,60,133
3,366,762,27,57,142
3,367,802,58,49,119
3,368,799,20,45,136
3,369,969,47,62,140
3,370,899,43,54,116
3,371,1038,46,65,139
3,372,875,25,59,131
3,373,1044,0,57,115
3,374,932,4,53,133
3,375,863,0,44,121
3,376,1286,154,56,115
3,377,0,0,24,98
3,378,1133,192,62,145
3,379,450,155,48,128
3,380,1385,308,62,157
3,381,1294,204,62,134
3,382,182,260,65,156
3,383,224,47,65,148
3,384,1115,12,48,133
3,402,549,539,58,170
3,424,551,295,53,127
3,425,174,813,80,176
3,427,579,302,54,136
3,433,172,772,94,185
3,512,1378,499,57,160
3,513,1429,496,49,142
3,534,349,643,70,182
3,535,297,630,73,188
3,536,540,641,54,158
3,554,304,567,62,157
3,555,317,546,54,170
3,557,259,557,58,142
3,558,243,496,66,158
3,559,190,534,72,160
3,572,548,192,52,124
3,573,584,190,52,134
3,624,583,396,50,125
3,674,401,437,65,149
3,675,367,445,57,158
3,731,433,923,64,149
3,740,701,650,58,164
3,741,696,659,64,190
3,742,265,709,77,185
3,743,195,692,56,155
3,744,250,684,52,175
3,784,426,772,89,170
3,785,641,464,61,130
3,797,1360,297,48,137
3,798,1316,261,61,125
3,799,1292,293,57,130
3,806,626,624,77,166
3,807,214,440,61,164
3,808,271,447,62,157
3,834,492,694,73,166
3,836,479,728,77,179
3,838,235,157,64,153
3,844,1090,139,53,148
3,893,1305,290,74,157
3,895,264,431,58,154
3,898,623,736,85,155
3,901,919,792,89,160
3,902,215,416,57,158
3,904,674,518,65,133
3,906,651,501,69,115
3,907,543,370,57,155
3,914,523,611,58,142
3,915,483,535,70,149
3,916,487,505,66,139
3,923,355,898,62,173
3,925,1115,44,56,121
3,927,1169,44,50,136
3,928,1116,10,48,134
3,974,1179,33,45,137
3,976,634,574,57,155
3,977,672,550,49,142
3,1036,333,623,62,164
3,1037,409,590,78,169
3,1038,413,634,65,172
3,1040,365,393,66,160
3,1042,421,373,66,163
3,1059,606,444,64,148
3,1123,355,378,56,115
3,1124,804,587,60,170
3,1197,617,367,25,252
3,1198,620,269,54,102
4,44,722,404,56,164
4,59,746,422,93,175
4,110,1184,916,103,147
4,111,1260,907,86,157
4,123,849,866,94,194
4,124,385,823,65,154
4,127,602,836,106,184
4,128,651,891,78,155
4,129,1049,520,65,166
4,133,1006,505,58,160
4,134,863,492,62,166
4,135,819,427,69,161
4,136,298,842,90,172
4,137,514,885,75,172
4,138,496,955,74,109
4,139,550,1007,63,54
4,140,638,987,81,69
4,157,1438,832,70,181
4,158,1515,860,81,145
4,163,1462,787,81,166
4,164,1552,777,61,168
4,166,1578,961,64,100
4,169,1517,800,54,133
4,170,1376,831,70,127
4,171,1540,831,52,146
4,172,1586,771,58,148
4,184,1536,947,64,114
4,188,1256,814,111,193
4,191,1320,373,73,148
4,193,1234,534,77,160
4,194,1300,556,72,158
4,195,1577,689,68,154
4,196,1531,605,69,160
4,197,1487,624,60,158
4,200,1290,322,66,154
4,201,1481,385,60,155
4,218,0,716,39,170
4,219,13,662,70,173
4,223,1,627,35,145
4,224,0,700,29,106
4,225,712,831,98,179
4,227,1418,1013,68,48
4,228,796,827,90,196
4,229,1094,894,84,165
4,230,1284,682,82,151
4,231,553,741,81,181
4,232,1442,606,61,172
4,233,1388,634,72,173
4,234,1323,641,76,158
4,235,1455,523,52,133
4,236,1183,693,80,176
4,237,1455,520,72,149
4,238,1169,608,62,157
4,239,1215,624,61,148
4,240,1020,890,84,172
4,241,714,747,76,163
4,242,1080,734,70,185
4,243,788,649,76,157
4,244,784,709,73,157
4,245,880,667,73,183
4,246,1138,733,81,196
4,247,1503,476,70,167
4,248,244,321,48,152
4,249,197,341,58,166
4,250,1204,424,68,161
4,251,1277,449,55,141
4,268,100,1022,62,49
4,269,296,1014,62,49
4,270,0,858,15,163
4,272,1540,392,57,145
4,273,1583,331,61,169
4,274,1418,360,64,160
4,275,1591,304,53,155
4,276,1527,291,57,148
4,277,1464,341,66,127
4,278,1597,26,53,142
4,279,1550,23,53,124
4,280,1558,0,57,115
4,281,1517,36,49,118
4,282,1518,0,56,106
4,283,1533,256,58,118
4,285,1543,256,54,133
4,286,1514,104,82,163
4,287,1483,309,52,124
4,288,1370,8,47,54
4,289,1423,24,54,112
4,290,1455,32,62,121
4,291,1423,77,52,118
4,292,1455,83,60,130
4,293,1487,181,60,133
4,294,1476,255,56,125
4,295,1396,138,57,136
4,296,1406,224,60,130
4,297,1405,275,60,127
4,298,1026,627,67,156
4,299,1164,382,68,158
4,300,1110,389,56,164
4,301,1063,384,56,172
4,302,977,424,64,175
4,303,927,415,68,163
4,305,1263,246,49,101
4,306,1300,127,56,122
4,307,1273,113,56,121
4,308,1225,124,52,125
4,309,1221,210,69,139
4,310,1142,199,72,158
4,311,1171,162,60,148
4,312,1071,264,49,139
4,313,341,0,57,148
4,314,3,312,62,145
4,315,135,349,60,163
4,316,13,364,61,158
4,317,54,376,78,163
4,318,65,306,62,154
4,320,11,252,20,157
4,322,0,262,53,145
4,323,58,281,52,154
4,324,0,178,44,154
4,325,12,233,56,148
4,326,36,242,62,142
4,327,64,169,65,145
4,328,142,279,54,146
4,329,128,175,54,167
4,330,67,131,72,157
4,331,125,142,57,133
4,332,184,123,60,152
4,333,162,99,56,151
4,334,310,291,45,97
4,335,343,263,54,145
4,336,381,291,62,142
4,337,212,81,61,134
4,338,404,6,56,139
4,339,419,46,58,157
4,340,434,126,56,148
4,341,488,121,53,142
4,342,528,257,58,88
4,343,474,57,66,154
4,344,523,87,58,155
4,345,855,281,73,140
4,346,648,231,54,133
4,347,606,95,49,124
4,348,555,127,54,109
4,349,576,143,58,127
4,350,564,215,58,146
4,351,668,0,58,140
4,352,922,261,69,155
4,353,965,214,66,158
4,354,1027,273,68,148
4,355,709,0,60,151
4,356,758,162,68,163
4,357,820,186,48,139
4,358,860,170,54,157
4,359,895,197,50,103
4,360,938,160,57,148
4,361,1028,221,56,145
4,362,992,145,60,148
4,363,1043,169,60,140
4,364,903,125,60,142
4,365,610,224,60,133
4,366,760,22,57,142
4,367,801,54,49,119
4,368,799,15,45,136
4,369,969,42,62,140
4,370,900,39,54,116
4,371,1037,41,65,139
4,372,879,18,59,131
4,373,1044,0,57,115
4,374,932,0,53,133
4,375,861,0,44,121
4,376,1285,149,56,115
4,377,0,0,24,98
4,378,1132,186,62,145
4,379,451,150,48,128
4,380,1385,303,62,157
4,381,1294,200,62,134
4,382,182,253,65,156
4,383,220,45,65,148
4,384,1115,8,48,133
4,402,549,535,58,170
4,424,551,290,53,127
4,425,174,808,80,176
4,427,579,298,54,136
4,433,172,768,94,185
4,512,1378,495,57,160
4,513,1430,490,49,142
4,534,349,640,70,182
4,535,297,626,73,188
4,536,539,639,54,158
4,554,303,564,62,157
4,555,317,546,54,170
4,557,258,553,58,142
4,558,244,492,66,158
4,559,189,530,72,160
4,572,546,189,52,124
4,573,583,186,52,134
4,624,582,394,50,125
4,674,400,433,65,149
4,675,366,441,57,158
4,731,434,919,64,149
4,740,700,646,58,164
4,741,696,657,64,190
4,742,265,705,77,185
4,743,194,688,56,155
4,744,250,680,52,175
4,784,426,768,89,170
4,785,640,460,61,130
4,797,1360,291,48,137
4,798,1315,257,61,125
4,799,1292,291,57,130
4,806,626,619,77,166
4,807,214,438,61,164
4,808,270,442,62,157
4,834,491,691,73,166
4,836,478,724,77,179
4,838,234,153,64,153
4,844,1090,134,53,148
4,893,1306,287,74,157
4,895,263,427,58,154
4,898,623,734,85,155
4,901,919,788,89,160
4,902,214,410,57,158
4,904,674,515,65,133
4,906,651,497,69,115
4,907,543,366,57,155
4,914,522,607,58,142
4,915,482,532,70,149
4,916,487,499,66,139
4,923,356,894,62,173
4,925,1115,41,56,121
4,927,1169,41,50,136
4,928,1116,5,48,134
4,974,1179,29,45,137
4,976,633,570,57,155
4,977,671,546,49,142
4,1036,333,621,62,164
4,1037,409,588,78,169
4,1038,412,631,65,172
4,1040,365,387,66,160
4,1042,420,369,66,163
4,1059,606,440,64,148
4,1123,354,373,56,115
4,1124,804,581,60,170
4,1197,616,365,25,252
4,1198,619,266,54,102
5,44,722,396,56,164
5,59,743,416,93,175
5,110,1180,907,103,147
5,111,1262,898,86,157
5,123,848,858,94,194
5,124,388,819,65,154
5,127,603,830,106,184
5,128,652,885,78,155
5,129,1047,511,65,166
5,133,1005,497,58,160
5,134,862,485,62,166
5,135,819,422,69,161
5,136,303,833,90,172
5,137,517,878,75,172
5,138,498,947,74,109
5,139,552,1000,63,54
5,140,639,981,81,69
5,157,1436,823,70,181
5,158,1512,852,81,145
5,163,1460,780,81,166
5,164,1549,769,61,168
5,166,1576,952,64,100
5,169,1515,790,54,133
5,170,1375,823,70,127
5,171,1537,823,52,146
5,172,1584,762,58,148
5,184,1534,937,64,114
5,188,1255,806,111,193
5,191,1319,367,73,148
5,193,1232,526,77,160
5,194,1299,548,72,158
5,195,1575,679,68,154
5,196,1527,597,69,160
5,197,1484,614,60,158
5,200,1289,316,66,154
5,201,1480,379,60,155
5,218,0,708,39,170
5,219,13,654,70,173
5,223,1,620,35,145
5,224,1,685,29,106
5,225,711,823,98,179
5,227,1417,1003,68,48
5,228,796,820,90,196
5,229,1096,886,84,165
5,230,1282,673,82,151
5,231,552,736,81,181
5,232,1440,599,61,172
5,233,1387,628,72,173
5,234,1321,631,76,158
5,235,1454,515,52,133
5,236,1180,684,80,176
5,237,1452,513,72,149
5,238,1166,601,62,157
5,239,1213,617,61,148
5,240,1018,881,84,172
5,241,714,739,76,163
5,242,1077,726,70,185
5,243,789,642,76,157
5,244,783,702,73,157
5,245,880,657,73,183
5,246,1137,724,81,196
5,247,1498,467,70,167
5,248,244,316,48,152
5,249,197,334,58,166
5,250,1203,417,68,161
5,251,1275,442,55,141
5,268,96,1017,62,49
5,269,291,1004,62,49
5,270,0,852,15,163
5,272,1539,389,57,145
5,273,1582,319,61,169
5,274,1417,352,64,160
5,275,1587,296,53,155
5,276,1526,282,57,148
5,277,1463,333,66,127
5,278,1597,17,53,142
5,279,1549,15,53,124
5,280,1557,0,57,115
5,281,1516,29,49,118
5,282,1519,0,56,106
5,283,1531,247,58,118
5,285,1541,248,54,133
5,286,1514,96,82,163
5,287,1482,301,52,124
5,288,1370,0,47,54
5,289,1422,16,54,112
5,290,1454,26,62,121
5,291,1423,70,52,118
5,292,1454,76,60,130
5,293,1486,173,60,133
5,294,1475,247,56,125
5,295,1395,131,57,136
5,296,1404,215,60,130
5,297,1404,267,60,127
5,298,1025,620,67,156
5,299,1165,374,68,158
5,300,1108,381,56,164
5,301,1062,377,56,172
5,302,976,416,64,175
5,303,927,407,68,163
5,305,1261,238,49,101
5,306,1300,121,56,122
5,307,1273,106,56,121
5,308,1224,118,52,125
5,309,1220,204,69,139
5,310,1140,191,72,158
5,311,1170,154,60,148
5,312,1069,255,49,139
5,313,340,0,57,148
5,314,2,310,62,145
5,315,133,345,60,163
5,316,15,358,61,158
5,317,55,368,78,163
5,318,65,302,62,154
5,320,7,247,20,157
5,322,0,265,53,145
5,323,59,273,52,154
5,324,0,172,44,154
5,325,11,236,56,148
5,326,34,236,62,142
5,327,65,163,65,145
5,328,142,274,54,146
5,329,130,168,54,167
5,330,68,124,72,157
5,331,126,134,57,133
5,332,183,116,60,152
5,333,163,92,56,151
5,334,310,284,45,97
5,335,343,256,54,145
5,336,380,286,62,142
5,337,213,75,61,134
5,338,405,0,56,139
5,339,420,40,58,157
5,340,435,119,56,148
5,341,489,112,53,142
5,342,527,249,58,88
5,343,476,48,66,154
5,344,524,81,58,155
5,345,854,273,73,140
5,346,647,227,54,133
5,347,608,87,49,124
5,348,555,120,54,109
5,349,578,137,58,127
5,350,563,209,58,146
5,351,668,0,58,140
5,352,919,251,69,155
5,353,964,206,66,158
5,354,1026,267,68,148
5,355,709,0,60,151
5,356,756,152,68,163
5,357,818,177,48,139
5,358,859,163,54,157
5,359,895,188,50,103
5,360,937,153,57,148
5,361,1027,214,56,145
5,362,991,138,60,148
5,363,1041,160,60,140
5,364,902,119,60,142
5,365,609,218,60,133
5,366,759,15,57,142
5,367,799,48,49,119
5,368,797,10,45,136
5,369,969,35,62,140
5,370,901,33,54,116
5,371,1035,34,65,139
5,372,879,13,59,131
5,373,1040,3,57,115
5,374,931,0,53,133
5,375,860,0,44,121
5,376,1284,142,56,115
5,377,0,0,24,98
5,378,1131,179,62,145
5,379,452,144,48,128
5,380,1385,296,62,157
5,381,1292,195,62,134
5,382,183,248,65,156
5,383,222,37,65,148
5,384,1114,0,48,133
5,402,548,529,58,170
5,424,551,285,53,127
5,425,174,801,80,176
5,427,578,292,54,136
5,433,171,762,94,185
5,512,1377,489,57,160
5,513,1428,482,49,142
5,534,349,633,70,182
5,535,296,620,73,188
5,536,538,631,54,158
5,554,302,559,62,157
5,555,316,544,54,170
5,557,257,546,58,142
5,558,242,486,66,158
5,559,189,524,72,160
5,572,545,182,52,124
5,573,582,181,52,134
5,624,582,387,50,125
5,674,399,427,65,149
5,675,366,435,57,158
5,731,435,914,64,149
5,740,700,640,58,164
5,741,695,649,64,190
5,742,265,699,77,185
5,743,194,684,56,155
5,744,250,674,52,175
5,784,426,762,89,170
5,785,640,454,61,130
5,797,1359,286,48,137
5,798,1314,252,61,125
5,799,1291,284,57,130
5,806,626,612,77,166
5,807,213,432,61,164
5,808,270,437,62,157
5,834,492,684,73,166
5,836,478,718,77,179
5,838,234,147,64,153
5,844,1089,128,53,148
5,893,1307,282,74,157
5,895,263,421,58,154
5,898,622,728,85,155
5,901,920,782,89,160
5,902,213,406,57,158
5,904,673,509,65,133
5,906,651,491,69,115
5,907,543,358,57,155
5,914,521,601,58,142
5,915,482,526,70,149
5,916,486,494,66,139
5,923,355,888,62,173
5,925,1114,35,56,121
5,927,1167,38,50,136
5,928,1116,0,48,134
5,974,1178,24,45,137
5,976,633,566,57,155
5,977,671,540,49,142
5,1036,333,615,62,164
5,1037,408,580,78,169
5,1038,412,624,65,172
5,1040,364,383,66,160
5,1042,420,363,66,163
5,1059,605,434,64,148
5,1123,353,368,56,115
5,1124,804,573,60,170
5,1197,615,360,25,252
5,1198,619,260,54,102
6,44,720,392,56,164
6,59,741,410,93,175
6,110,1177,897,103,147
6,111,1258,889,86,157
6,123,845,848,94,194
6,124,392,813,65,154
6,127,605,824,106,184
6,128,653,879,78,155
6,129,1046,504,65,166
6,133,1003,491,58,160
6,134,860,478,62,166
6,135,819,417,69,161
6,136,308,826,90,172
6,137,519,871,75,172
6,138,502,939,74,109
6,139,551,992,63,54
6,140,643,980,81,69
6,157,1434,814,70,181
6,158,1510,844,81,145
6,163,1458,773,81,166
6,164,1546,761,61,168
6,166,1573,944,64,100
6,169,1513,782,54,133
6,170,1371,815,70,127
6,171,1534,815,52,146
6,172,1581,754,58,148
6,184,1532,928,64,114
6,188,1254,796,111,193
6,191,1319,361,73,148
6,193,1231,520,77,160
6,194,1298,542,72,158
6,195,1570,669,68,154
6,196,1526,589,69,160
6,197,1483,608,60,158
6,200,1289,308,66,154
6,201,1479,371,60,155
6,218,0,702,39,170
6,219,12,646,70,173
6,223,1,612,35,145
6,224,0,684,29,106
6,225,706,825,98,179
6,227,1415,992,68,48
6,228,797,815,90,196
6,229,1094,876,84,165
6,230,1280,666,82,151
6,231,551,731,81,181
6,232,1438,590,61,172
6,233,1382,618,72,173
6,234,1318,625,76,158
6,235,1451,508,52,133
6,236,1178,677,80,176
6,237,1449,507,72,149
6,238,1163,594,62,157
6,239,1210,608,61,148
6,240,1016,872,84,172
6,241,714,731,76,163
6,242,1074,718,70,185
6,243,789,635,76,157
6,244,785,695,73,157
6,245,879,649,73,183
6,246,1137,717,81,196
6,247,1492,460,70,167
6,248,243,307,48,152
6,249,197,329,58,166
6,250,1202,410,68,161
6,251,1272,435,55,141
6,268,93,1010,62,49
6,269,287,996,62,49
6,270,0,848,15,163
6,272,1538,385,57,145
6,273,1581,309,61,169
6,274,1416,344,64,160
6,275,1586,290,53,155
6,276,1524,276,57,148
6,277,1462,326,66,127
6,278,1596,11,53,142
6,279,1550,10,53,124
6,280,1557,0,57,115
6,281,1516,20,49,118
6,282,1521,0,56,106
6,283,1530,239,58,118
6,285,1540,240,54,133
6,286,1513,88,82,163
6,287,1481,293,52,124
6,288,1367,0,47,54
6,289,1421,11,54,112
6,290,1454,19,62,121
6,291,1423,62,52,118
6,292,1453,69,60,130
6,293,1486,166,60,133
6,294,1475,239,56,125
6,295,1395,125,57,136
6,296,1406,209,60,130
6,297,1402,260,60,127
6,298,1023,611,67,156
6,299,1164,370,68,158
6,300,1106,373,56,164
6,301,1060,370,56,172
6,302,974,406,64,175
6,303,927,401,68,163
6,305,1260,231,49,101
6,306,1300,115,56,122
6,307,1271,102,56,121
6,308,1223,111,52,125
6,309,1219,195,69,139
6,310,1139,181,72,158
6,311,1169,147,60,148
6,312,1068,249,49,139
6,313,340,0,57,148
6,314,0,304,62,145
6,315,131,341,60,163
6,316,15,352,61,158
6,317,56,362,78,163
6,318,66,292,62,154
6,320,2,240,20,157
6,322,0,264,53,145
6,323,59,265,52,154
6,324,0,166,44,154
6,325,10,232,56,148
6,326,26,229,62,142
6,327,68,157,65,145
6,328,141,266,54,146
6,329,131,161,54,167
6,330,70,117,72,157
6,331,127,127,57,133
6,332,182,109,60,152
6,333,163,85,56,151
6,334,310,277,45,97
6,335,343,249,54,145
6,336,376,280,62,142
6,337,213,69,61,134
6,338,424,37,56,139
6,339,420,34,58,157
6,340,436,111,56,148
6,341,490,105,53,142
6,342,526,244,58,88
6,343,476,42,66,154
6,344,524,75,58,155
6,345,853,266,73,140
6,346,646,221,54,133
6,347,609,77,49,124
6,348,555,114,54,109
6,349,579,130,58,127
6,350,562,204,58,146
6,351,668,0,58,140
6,352,920,243,69,155
6,353,963,200,66,158
6,354,1019,260,68,148
6,355,708,0,60,151
6,356,754,144,68,163
6,357,816,169,48,139
6,358,859,156,54,157
6,359,895,182,50,103
6,360,935,145,57,148
6,361,1025,207,56,145
6,362,990,131,60,148
6,363,1040,154,60,140
6,364,901,112,60,142
6,365,610,213,60,133
6,366,755,6,57,142
6,367,798,42,49,119
6,368,797,3,45,136
6,369,969,27,62,140
6,370,904,26,54,116
6,371,1035,27,65,139
6,372,879,9,59,131
6,373,1040,0,57,115
6,374,934,55,53,133
6,375,842,0,44,121
6,376,1283,134,56,115
6,377,0,3,24,98
6,378,1130,172,62,145
6,379,445,112,48,128
6,380,1385,287,62,157
6,381,1291,186,62,134
6,382,182,239,65,156
6,383,221,32,65,148
6,384,1114,0,48,133
6,402,547,523,58,170
6,424,552,280,53,127
6,425,172,796,80,176
6,427,577,286,54,136
6,433,170,756,94,185
6,512,1376,483,57,160
6,513,1428,475,49,142
6,534,347,628,70,182
6,535,295,614,73,188
6,536,536,627,54,158
6,554,301,558,62,157
6,555,314,540,54,170
6,557,256,541,58,142
6,558,241,480,66,158
6,559,187,518,72,160
6,572,544,176,52,124
6,573,581,174,52,134
6,624,580,382,50,125
6,674,399,421,65,149
6,675,365,429,57,158
6,731,435,908,64,149
6,740,699,634,58,164
6,741,693,641,64,190
6,742,263,693,77,185
6,743,193,678,56,155
6,744,248,668,52,175
6,784,425,756,89,170
6,785,639,448,61,130
6,797,1359,279,48,137
6,798,1311,250,61,125
6,799,1291,279,57,130
6,806,624,609,77,166
6,807,212,424,61,164
6,808,269,432,62,157
6,834,491,679,73,166
6,836,476,712,77,179
6,838,233,143,64,153
6,844,1088,124,53,148
6,893,1309,277,74,157
6,895,262,415,58,154
6,898,621,722,85,155
6,901,918,776,89,160
6,902,212,400,57,158
6,904,672,503,65,133
6,906,649,485,69,115
6,907,542,356,57,155
6,914,519,595,58,142
6,915,481,520,70,149
6,916,486,487,66,139
6,923,354,882,62,173
6,925,1114,29,56,121
6,927,1167,28,50,136
6,928,1115,0,48,134
6,974,1178,15,45,137
6,976,632,558,57,155
6,977,671,534,49,142
6,1036,332,609,62,164
6,1037,407,574,78,169
6,1038,411,619,65,172
6,1040,363,377,66,160
6,1042,419,357,66,163
6,1059,604,428,64,148
6,1123,352,362,56,115
6,1124,801,563,60,170
6,1197,614,355,25,252
6,1198,617,256,54,102
6,142,1191,1032,56,43
7,44,720,386,56,164
7,59,740,402,93,175
7,110,1173,889,103,147
7,111,1254,880,86,157
7,123,844,840,94,194
7,124,396,807,65,154
7,127,607,818,106,184
7,128,654,873,78,155
7,129,1043,503,65,166
7,133,1002,481,58,160
7,134,859,469,62,166
7,135,819,412,69,161
7,136,308,825,90,172
7,137,520,864,75,172
7,138,503,930,74,109
7,139,552,985,63,54
7,140,642,974,81,69
7,157,1431,809,70,181
7,158,1506,838,81,145
7,163,1455,764,81,166
7,164,1543,753,61,168
7,166,1571,935,64,100
7,169,1510,773,54,133
7,170,1368,808,70,127
7,171,1531,809,52,146
7,172,1578,746,58,148
7,184,1528,920,64,114
7,188,1253,788,111,193
7,191,1318,353,73,148
7,193,1229,512,77,160
7,194,1298,540,72,158
7,195,1568,663,68,154
7,196,1523,581,69,160
7,197,1482,600,60,158
7,200,1287,304,66,154
7,201,1478,363,60,155
7,218,0,694,39,170
7,219,11,638,70,173
7,223,1,604,35,145
7,224,0,676,29,106
7,225,708,817,98,179
7,227,1413,982,68,48
7,228,798,808,90,196
7,229,1092,868,84,165
7,230,1277,657,82,151
7,231,552,724,81,181
7,232,1435,583,61,172
7,233,1380,610,72,173
7,234,1315,619,76,158
7,235,1449,504,52,133
7,236,1175,668,80,176
7,237,1444,500,72,149
7,238,1160,585,62,157
7,239,1207,601,61,148
7,240,1014,863,84,172
7,241,717,721,76,163
7,242,1069,710,70,185
7,243,790,628,76,157
7,244,786,686,73,157
7,245,879,641,73,183
7,246,1134,708,81,196
7,247,1487,459,70,167
7,248,243,300,48,152
7,249,197,322,58,166
7,250,1200,401,68,161
7,251,1270,429,55,141
7,268,91,1013,62,49
7,269,282,988,62,49
7,270,0,782,15,163
7,272,1536,379,57,145
7,273,1580,301,61,169
7,274,1415,338,64,160
7,275,1586,282,53,155
7,276,1522,269,57,148
7,277,1461,320,66,127
7,278,1596,4,53,142
7,279,1549,3,53,124
7,280,1556,0,57,115
7,281,1515,13,49,118
7,282,1520,0,56,106
7,283,1528,232,58,118
7,285,1538,234,54,133
7,286,1513,82,82,163
7,287,1480,287,52,124
7,288,1365,2,47,54
7,289,1420,5,54,112
7,290,1452,13,62,121
7,291,1423,55,52,118
7,292,1452,63,60,130
7,293,1485,159,60,133
7,294,1474,233,56,125
7,295,1395,118,57,136
7,296,1405,202,60,130
7,297,1401,253,60,127
7,298,1021,604,67,156
7,299,1163,364,68,158
7,300,1105,365,56,164
7,301,1059,361,56,172
7,302,973,402,64,175
7,303,927,393,68,163
7,305,1259,224,49,101
7,306,1300,110,56,122
7,307,1271,96,56,121
7,308,1224,105,52,125
7,309,1218,187,69,139
7,310,1137,171,72,158
7,311,1169,138,60,148
7,312,1066,241,49,139
7,313,341,0,57,148
7,314,28,304,62,145
7,315,129,335,60,163
7,316,16,348,61,158
7,317,55,356,78,163
7,318,67,288,62,154
7,320,10,257,20,157
7,322,31,206,53,145
7,323,60,259,52,154
7,324,0,156,44,154
7,325,10,232,56,148
7,326,24,224,62,142
7,327,70,150,65,145
7,328,138,257,54,146
7,329,132,154,54,167
7,330,72,112,72,157
7,331,128,119,57,133
7,332,182,102,60,152
7,333,164,76,56,151
7,334,310,271,45,97
7,335,345,242,54,145
7,336,379,274,62,142
7,337,214,62,61,134
7,338,425,30,56,139
7,339,421,26,58,157
7,340,437,105,56,148
7,341,493,99,53,142
7,342,525,238,58,88
7,343,477,34,66,154
7,344,525,69,58,155
7,345,853,258,73,140
7,346,645,216,54,133
7,347,611,72,49,124
7,348,557,107,54,109
7,349,582,124,58,127
7,350,561,199,58,146
7,351,669,0,58,140
7,352,920,235,69,155
7,353,962,192,66,158
7,354,1016,249,68,148
7,355,709,0,60,151
7,356,752,136,68,163
7,357,813,163,48,139
7,358,858,147,54,157
7,359,894,175,50,103
7,360,934,137,57,148
7,361,1024,200,56,145
7,362,989,124,60,148
7,363,1039,150,60,140
7,364,899,105,60,142
7,365,609,207,60,133
7,366,753,0,57,142
7,367,798,34,49,119
7,368,797,0,45,136
7,369,969,21,62,140
7,370,905,18,54,116
7,371,1034,21,65,139
7,372,881,0,59,131
7,373,1040,0,57,115
7,374,933,41,53,133
7,375,840,0,44,121
7,376,1282,127,56,115
7,377,0,0,24,98
7,378,1127,164,62,145
7,379,446,104,48,128
7,380,1384,278,62,157
7,381,1290,179,62,134
7,382,181,234,65,156
7,383,221,26,65,148
7,384,1113,0,48,133
7,402,546,517,58,170
7,424,553,274,53,127
7,425,171,789,80,176
7,427,577,280,54,136
7,433,170,750,94,185
7,512,1375,477,57,160
7,513,1421,465,49,142
7,534,346,623,70,182
7,535,295,610,73,188
7,536,536,621,54,158
7,554,300,557,62,157
7,555,311,512,54,170
7,557,255,535,58,142
7,558,239,474,66,158
7,559,186,512,72,160
7,572,543,170,52,124
7,573,581,169,52,134
7,624,580,376,50,125
7,674,398,415,65,149
7,675,364,423,57,158
7,731,435,902,64,149
7,740,698,628,58,164
7,741,693,637,64,190
7,742,262,687,77,185
7,743,192,672,56,155
7,744,247,664,52,175
7,784,425,752,89,170
7,785,638,443,61,130
7,797,1358,274,48,137
7,798,1309,246,61,125
7,799,1288,273,57,130
7,806,624,602,77,166
7,807,211,418,61,164
7,808,268,427,62,157
7,834,490,674,73,166
7,836,475,706,77,179
7,838,232,137,64,153
7,844,1087,116,53,148
7,893,1309,272,74,157
7,895,261,409,58,154
7,898,620,716,85,155
7,901,918,772,89,160
7,902,212,392,57,158
7,904,672,498,65,133
7,906,648,479,69,115
7,907,541,350,57,155
7,914,519,589,58,142
7,915,480,514,70,149
7,916,485,482,66,139
7,923,353,876,62,173
7,925,1113,23,56,121
7,927,1166,25,50,136
7,928,1114,0,48,134
7,974,1177,11,45,137
7,976,630,552,57,155
7,977,670,528,49,142
7,1036,332,601,62,164
7,1037,406,568,78,169
7,1038,410,614,65,172
7,1040,362,371,66,160
7,1042,417,351,66,163
7,1059,604,422,64,148
7,1123,351,357,56,115
7,1124,799,555,60,170
7,1197,614,344,25,252
7,1198,617,253,54,102
7,142,1181,1031,56,43
7,43,704,1034,72,38
7,261,1366,1032,44,41
8,44,719,382,56,164
8,59,738,398,93,175
8,110,1171,879,103,147
8,111,1253,873,86,157
8,123,843,832,94,194
8,124,400,803,65,154
8,127,609,812,106,184
8,128,657,865,78,155
8,129,1042,496,65,166
8,133,1001,475,58,160
8,134,857,462,62,166
8,135,819,409,69,161
8,136,309,824,90,172
8,137,522,859,75,172
8,138,505,925,74,109
8,139,554,978,63,54
8,140,642,968,81,69
8,157,1429,802,70,181
8,158,1502,832,81,145
8,163,1454,759,81,166
8,164,1543,747,61,168
8,166,1567,929,64,100
8,169,1507,767,54,133
8,170,1364,803,70,127
8,171,1529,803,52,146
8,172,1575,740,58,148
8,184,1527,910,64,114
8,188,1251,782,111,193
8,191,1317,347,73,148
8,193,1226,508,77,160
8,194,1297,536,72,158
8,195,1566,657,68,154
8,196,1521,575,69,160
8,197,1481,596,60,158
8,200,1287,300,66,154
8,201,1477,359,60,155
8,218,0,682,39,170
8,219,11,630,70,173
8,223,1,597,35,145
8,224,2,669,29,106
8,225,710,813,98,179
8,227,1411,974,68,48
8,228,798,801,90,196
8,229,1090,860,84,165
8,230,1274,652,82,151
8,231,551,719,81,181
8,232,1433,576,61,172
8,233,1378,604,72,173
8,234,1312,613,76,158
8,235,1443,497,52,133
8,236,1173,661,80,176
8,237,1441,494,72,149
8,238,1159,578,62,157
8,239,1206,595,61,148
8,240,1012,854,84,172
8,241,716,715,76,163
8,242,1065,702,70,185
8,243,791,623,76,157
8,244,788,681,73,157
8,245,883,635,73,183
8,246,1131,701,81,196
8,247,1481,452,70,167
8,248,244,295,48,152
8,249,197,317,58,166
8,250,1198,388,68,161
8,251,1269,422,55,141
8,268,89,1014,62,49
8,269,276,981,62,49
8,270,7,764,15,163
8,272,1532,371,57,145
8,273,1579,297,61,169
8,274,1413,334,64,160
8,275,1584,276,53,155
8,276,1519,265,57,148
8,277,1460,314,66,127
8,278,1595,0,53,142
8,279,1548,0,53,124
8,280,1556,0,57,115
8,281,1514,7,49,118
8,282,1520,0,56,106
8,283,1527,227,58,118
8,285,1537,228,54,133
8,286,1512,76,82,163
8,287,1479,283,52,124
8,288,1363,0,47,54
8,289,1420,0,54,112
8,290,1450,9,62,121
8,291,1423,51,52,118
8,292,1451,59,60,130
8,293,1484,151,60,133
8,294,1472,227,56,125
8,295,1395,113,57,136
8,296,1404,197,60,130
8,297,1401,248,60,127
8,298,1019,597,67,156
8,299,1165,360,68,158
8,300,1103,359,56,164
8,301,1057,356,56,172
8,302,972,398,64,175
8,303,927,389,68,163
8,305,1257,219,49,101
8,306,1301,106,56,122
8,307,1271,88,56,121
8,308,1221,98,52,125
8,309,1216,182,69,139
8,310,1112,175,72,158
8,311,1168,133,60,148
8,312,1065,236,49,139
8,313,341,0,57,148
8,314,26,293,62,145
8,315,128,333,60,163
8,316,17,340,61,158
8,317,55,350,78,163
8,318,65,276,62,154
8,320,5,250,20,157
8,322,28,196,53,145
8,323,60,251,52,154
8,324,1,150,44,154
8,325,27,172,56,148
8,326,17,217,62,142
8,327,72,145,65,145
8,328,139,251,54,146
8,329,132,147,54,167
8,330,74,107,72,157
8,331,129,113,57,133
8,332,179,93,60,152
8,333,165,71,56,151
8,334,310,265,45,97
8,335,346,236,54,145
8,336,382,268,62,142
8,337,214,55,61,134
8,338,430,23,56,139
8,339,420,22,58,157
8,340,436,98,56,148
8,341,494,93,53,142
8,342,523,237,58,88
8,343,477,32,66,154
8,344,525,63,58,155
8,345,851,252,73,140
8,346,643,213,54,133
8,347,612,68,49,124
8,348,558,103,54,109
8,349,581,120,58,127
8,350,560,192,58,146
8,351,669,0,58,140
8,352,919,231,69,155
8,353,961,186,66,158
8,354,1016,244,68,148
8,355,708,0,60,151
8,356,752,132,68,163
8,357,812,157,48,139
8,358,857,140,54,157
8,359,893,170,50,103
8,360,932,130,57,148
8,361,1021,194,56,145
8,362,988,118,60,148
8,363,1037,142,60,140
8,364,898,100,60,142
8,365,607,203,60,133
8,366,748,0,57,142
8,367,797,28,49,119
8,368,796,0,45,136
8,369,968,15,62,140
8,370,906,12,54,116
8,371,1033,15,65,139
8,372,872,0,59,131
8,373,1051,53,57,115
8,374,928,0,53,133
8,375,839,0,44,121
8,376,1281,122,56,115
8,377,0,0,24,98
8,378,1125,157,62,145
8,379,446,96,48,128
8,380,1382,273,62,157
8,381,1287,174,62,134
8,382,180,231,65,156
8,383,220,24,65,148
8,384,1112,0,48,133
8,402,545,513,58,170
8,424,555,263,53,127
8,425,170,786,80,176
8,427,575,277,54,136
8,433,169,746,94,185
8,512,1373,471,57,160
8,513,1418,460,49,142
8,534,345,620,70,182
8,535,294,606,73,188
8,536,536,617,54,158
8,554,298,556,62,157
8,555,313,512,54,170
8,557,254,532,58,142
8,558,238,472,66,158
8,559,185,506,72,160
8,572,542,166,52,124
8,573,580,165,52,134
8,624,579,372,50,125
8,674,397,411,65,149
8,675,363,419,57,158
8,731,435,900,64,149
8,740,697,624,58,164
8,741,693,637,64,190
8,742,261,683,77,185
8,743,191,668,56,155
8,744,247,658,52,175
8,784,424,746,89,170
8,785,637,439,61,130
8,797,1357,272,48,137
8,798,1307,243,61,125
8,799,1285,268,57,130
8,806,623,597,77,166
8,807,210,414,61,164
8,808,267,422,62,157
8,834,490,669,73,166
8,836,474,702,77,179
8,838,230,133,64,153
8,844,1085,111,53,148
8,893,1311,265,74,157
8,895,261,405,58,154
8,898,619,712,85,155
8,901,917,768,89,160
8,902,211,388,57,158
8,904,670,494,65,133
8,906,648,476,69,115
8,907,539,346,57,155
8,914,518,585,58,142
8,915,479,510,70,149
8,916,484,478,66,139
8,923,369,858,62,173
8,925,1112,19,56,121
8,927,1166,19,50,136
8,928,1113,0,48,134
8,974,1176,4,45,137
8,976,629,548,57,155
8,977,669,524,49,142
8,1036,330,599,62,164
8,1037,405,564,78,169
8,1038,409,611,65,172
8,1040,361,367,66,160
8,1042,416,347,66,163
8,1059,602,419,64,148
8,1123,350,352,56,115
8,1124,798,547,60,170
8,1197,613,342,25,252
8,1198,616,246,54,102
8,142,1178,1024,56,43
8,43,705,1027,72,38
8,261,1364,1025,44,41
8,226,1298,1036,60,36
9,44,718,378,56,164
9,59,737,392,93,175
9,110,1169,874,103,147
9,111,1246,866,86,157
9,123,841,826,94,194
9,124,403,797,65,154
9,127,610,806,106,184
9,128,658,861,78,155
9,129,1042,489,65,166
9,133,998,469,58,160
9,134,855,457,62,166
9,135,819,406,69,161
9,136,314,821,90,172
9,137,524,852,75,172
9,138,506,920,74,109
9,139,555,972,63,54
9,140,642,963,81,69
9,157,1427,797,70,181
9,158,1499,827,81,145
9,163,1451,754,81,166
9,164,1541,739,61,168
9,166,1564,925,64,100
9,169,1505,761,54,133
9,170,1361,798,70,127
9,171,1526,796,52,146
9,172,1572,733,58,148
9,184,1524,905,64,114
9,188,1244,772,111,193
9,191,1315,347,73,148
9,193,1224,504,77,160
9,194,1296,530,72,158
9,195,1563,653,68,154
9,196,1520,571,69,160
9,197,1480,590,60,158
9,200,1285,298,66,154
9,201,1476,353,60,155
9,218,19,674,39,170
9,219,10,624,70,173
9,223,0,592,35,145
9,224,2,665,29,106
9,225,710,807,98,179
9,227,1408,966,68,48
9,228,797,794,90,196
9,229,1089,854,84,165
9,230,1271,647,82,151
9,231,550,714,81,181
9,232,1431,573,61,172
9,233,1379,600,72,173
9,234,1309,607,76,158
9,235,1439,492,52,133
9,236,1171,658,80,176
9,237,1437,489,72,149
9,238,1157,573,62,157
9,239,1203,591,61,148
9,240,1009,847,84,172
9,241,717,709,76,163
9,242,1060,696,70,185
9,243,791,618,76,157
9,244,785,676,73,157
9,245,884,631,73,183
9,246,1128,696,81,196
9,247,1478,447,70,167
9,248,244,290,48,152
9,249,198,312,58,166
9,250,1196,383,68,161
9,251,1267,418,55,141
9,268,86,1012,62,49
9,269,271,976,62,49
9,270,8,756,15,163
9,272,1530,367,57,145
9,273,1578,295,61,169
9,274,1411,330,64,160
9,275,1582,272,53,155
9,276,1518,260,57,148
9,277,1458,309,66,127
9,278,1594,0,53,142
9,279,1548,0,53,124
9,280,1555,0,57,115
9,281,1513,2,49,118
9,282,1519,1,56,106
9,283,1524,223,58,118
9,285,1535,223,54,133
9,286,1510,70,82,163
9,287,1477,278,52,124
9,288,1363,0,47,54
9,289,1418,0,54,112
9,290,1449,5,62,121
9,291,1422,46,52,118
9,292,1449,56,60,130
9,293,1483,146,60,133
9,294,1471,222,56,125
9,295,1394,107,57,136
9,296,1403,193,60,130
9,297,1401,243,60,127
9,298,1016,594,67,156
9,299,1163,358,68,158
9,300,1101,355,56,164
9,301,1054,351,56,172
9,302,972,392,64,175
9,303,927,385,68,163
9,305,1256,216,49,101
9,306,1303,102,56,122
9,307,1272,84,56,121
9,308,1221,94,52,125
9,309,1215,179,69,139
9,310,1110,169,72,158
9,311,1167,129,60,148
9,312,1063,230,49,139
9,313,344,0,57,148
9,314,26,288,62,145
9,315,126,331,60,163
9,316,18,336,61,158
9,317,55,344,78,163
9,318,64,272,62,154
9,320,0,247,20,157
9,322,14,167,53,145
9,323,60,247,52,154
9,324,1,142,44,154
9,325,27,169,56,148
9,326,15,216,62,142
9,327,73,140,65,145
9,328,130,233,54,146
9,329,133,142,54,167
9,330,75,100,72,157
9,331,130,108,57,133
9,332,178,88,60,152
9,333,167,66,56,151
9,334,310,261,45,97
9,335,347,232,54,145
9,336,385,264,62,142
9,337,215,50,61,134
9,338,429,18,56,139
9,339,421,18,58,157
9,340,436,93,56,148
9,341,494,92,53,142
9,342,522,234,58,88
9,343,478,28,66,154
9,344,525,59,58,155
9,345,849,248,73,140
9,346,641,210,54,133
9,347,612,63,49,124
9,348,559,98,54,109
9,349,583,115,58,127
9,350,560,188,58,146
9,351,669,0,58,140
9,352,918,225,69,155
9,353,960,182,66,158
9,354,1014,238,68,148
9,355,709,0,60,151
9,356,750,126,68,163
9,357,811,152,48,139
9,358,855,135,54,157
9,359,891,165,50,103
9,360,931,125,57,148
9,361,1019,188,56,145
9,362,986,114,60,148
9,363,1035,137,60,140
9,364,896,95,60,142
9,365,591,183,60,133
9,366,725,0,57,142
9,367,795,25,49,119
9,368,795,0,45,136
9,369,968,11,62,140
9,370,907,8,54,116
9,371,1032,13,65,139
9,372,871,0,59,131
9,373,1064,21,57,115
9,374,929,34,53,133
9,375,838,0,44,121
9,376,1279,118,56,115
9,377,0,0,24,98
9,378,1124,153,62,145
9,379,446,89,48,128
9,380,1380,270,62,157
9,381,1285,171,62,134
9,382,180,226,65,156
9,383,219,17,65,148
9,384,1111,0,48,133
9,402,544,509,58,170
9,424,555,261,53,127
9,425,170,783,80,176
9,427,575,273,54,136
9,433,168,742,94,185
9,512,1372,467,57,160
9,513,1416,456,49,142
9,534,345,615,70,182
9,535,293,604,73,188
9,536,535,613,54,158
9,554,300,549,62,157
9,555,312,510,54,170
9,557,253,529,58,142
9,558,237,468,66,158
9,559,185,504,72,160
9,572,541,163,52,124
9,573,579,162,52,134
9,624,579,369,50,125
9,674,396,407,65,149
9,675,362,415,57,158
9,731,434,899,64,149
9,740,697,622,58,164
9,741,691,631,64,190
9,742,260,679,77,185
9,743,190,664,56,155
9,744,246,656,52,175
9,784,422,744,89,170
9,785,636,435,61,130
9,797,1356,269,48,137
9,798,1305,241,61,125
9,799,1284,264,57,130
9,806,622,594,77,166
9,807,209,410,61,164
9,808,266,417,62,157
9,834,489,666,73,166
9,836,473,698,77,179
9,838,229,129,64,153
9,844,1083,108,53,148
9,893,1298,224,74,157
9,895,259,401,58,154
9,898,618,708,85,155
9,901,916,764,89,160
9,902,210,384,57,158
9,904,669,490,65,133
9,906,647,472,69,115
9,907,539,344,57,155
9,914,517,583,58,142
9,915,478,507,70,149
9,916,484,475,66,139
9,923,368,858,62,173
9,925,1111,15,56,121
9,927,1165,16,50,136
9,928,1112,0,48,134
9,974,1175,3,45,137
9,976,628,546,57,155
9,977,668,520,49,142
9,1036,330,593,62,164
9,1037,404,562,78,169
9,1038,408,606,65,172
9,1040,359,363,66,160
9,1042,416,345,66,163
9,1059,602,415,64,148
9,1123,349,348,56,115
9,1124,797,543,60,170
9,1197,612,340,25,252
9,1198,616,243,54,102
9,142,1175,1018,56,43
9,43,705,1022,72,38
9,261,1361,1020,44,41
9,226,1294,1029,60,36
10,44,717,376,56,164
10,59,734,386,93,175
10,110,1164,865,103,147
10,111,1244,859,86,157
10,123,841,820,94,194
10,124,408,795,65,154
10,127,611,802,106,184
10,128,659,857,78,155
10,129,1041,486,65,166
10,133,997,463,58,160
10,134,853,454,62,166
10,135,820,405,69,161
10,136,318,820,90,172
10,137,526,847,75,172
10,138,508,915,74,109
10,139,557,970,63,54
10,140,640,960,81,69
10,157,1426,790,70,181
10,158,1496,822,81,145
10,163,1449,747,81,166
10,164,1540,737,61,168
10,166,1561,920,64,100
10,169,1503,754,54,133
10,170,1358,793,70,127
10,171,1524,792,52,146
10,172,1572,729,58,148
10,184,1521,900,64,114
10,188,1244,766,111,193
10,191,1315,345,73,148
10,193,1222,498,77,160
10,194,1295,526,72,158
10,195,1561,647,68,154
10,196,1518,565,69,160
10,197,1478,586,60,158
10,200,1286,294,66,154
10,201,1472,351,60,155
10,218,19,672,39,170
10,219,10,618,70,173
10,223,0,587,35,145
10,224,3,658,29,106
10,225,711,801,98,179
10,227,1405,960,68,48
10,228,797,787,90,196
10,229,1087,850,84,165
10,230,1267,642,82,151
10,231,568,699,81,181
10,232,1430,568,61,172
10,233,1378,594,72,173
10,234,1306,603,76,158
10,235,1437,488,52,133
10,236,1170,655,80,176
10,237,1434,485,72,149
10,238,1156,568,62,157
10,239,1202,587,61,148
10,240,1007,840,84,172
10,241,718,705,76,163
10,242,1057,690,70,185
10,243,792,613,76,157
10,244,788,669,73,157
10,245,885,625,73,183
10,246,1127,691,81,196
10,247,1475,440,70,167
10,248,246,287,48,152
10,249,199,307,58,166
10,250,1197,384,68,161
10,251,1264,413,55,141
10,268,83,1012,62,49
10,269,268,968,62,49
10,270,8,748,15,163
10,272,1529,363,57,145
10,273,1577,291,61,169
10,274,1411,326,64,160
10,275,1580,268,53,155
10,276,1517,256,57,148
10,277,1457,304,66,127
10,278,1591,0,53,142
10,279,1547,0,53,124
10,280,1555,0,57,115
10,281,1512,0,49,118
10,282,1520,0,56,106
10,283,1523,218,58,118
10,285,1534,218,54,133
10,286,1510,64,82,163
10,287,1489,275,52,124
10,288,1363,0,47,54
10,289,1415,0,54,112
10,290,1449,0,62,121
10,291,1423,42,52,118
10,292,1448,51,60,130
10,293,1483,141,60,133
10,294,1471,218,56,125
10,295,1395,103,57,136
10,296,1403,188,60,130
10,297,1404,236,60,127
10,298,1015,589,67,156
10,299,1164,354,68,158
10,300,1098,347,56,164
10,301,1053,346,56,172
10,302,971,382,64,175
10,303,926,379,68,163
10,305,1255,212,49,101
10,306,1305,99,56,122
10,307,1269,79,56,121
10,308,1221,90,52,125
10,309,1214,175,69,139
10,310,1109,165,72,158
10,311,1167,123,60,148
10,312,1062,224,49,139
10,313,341,0,57,148
10,314,21,277,62,145
10,315,124,329,60,163
10,316,18,334,61,158
10,317,55,340,78,163
10,318,63,268,62,154
10,320,0,246,20,157
10,322,14,162,53,145
10,323,61,241,52,154
10,324,2,136,44,154
10,325,21,177,56,148
10,326,10,211,62,142
10,327,75,136,65,145
10,328,127,230,54,146
10,329,138,139,54,167
10,330,77,97,72,157
10,331,131,103,57,133
10,332,180,87,60,152
10,333,168,61,56,151
10,334,309,256,45,97
10,335,349,228,54,145
10,336,388,259,62,142
10,337,217,48,61,134
10,338,431,13,56,139
10,339,422,14,58,157
10,340,436,88,56,148
10,341,496,82,53,142
10,342,520,232,58,88
10,343,479,22,66,154
10,344,527,54,58,155
10,345,848,244,73,140
10,346,640,205,54,133
10,347,611,59,49,124
10,348,562,94,54,109
10,349,587,110,58,127
10,350,560,184,58,146
10,351,645,0,58,140
10,352,916,219,69,155
10,353,960,178,66,158
10,354,1013,234,68,148
10,355,706,0,60,151
10,356,748,94,68,163
10,357,810,147,48,139
10,358,855,132,54,157
10,359,891,161,50,103
10,360,929,120,57,148
10,361,1018,185,56,145
10,362,985,110,60,148
10,363,1034,132,60,140
10,364,895,91,60,142
10,365,590,179,60,133
10,366,727,0,57,142
10,367,795,23,49,119
10,368,795,0,45,136
10,369,969,9,62,140
10,370,909,5,54,116
10,371,1033,7,65,139
10,372,873,0,59,131
10,373,1066,18,57,115
10,374,929,33,53,133
10,375,840,0,44,121
10,376,1281,114,56,115
10,377,0,0,24,98
10,378,1122,148,62,145
10,379,447,87,48,128
10,380,1379,263,62,157
10,381,1283,168,62,134
10,382,182,221,65,156
10,383,218,15,65,148
10,384,1111,0,48,133
10,402,544,505,58,170
10,424,556,258,53,127
10,425,169,780,80,176
10,427,574,270,54,136
10,433,167,740,94,185
10,512,1370,465,57,160
10,513,1414,453,49,142
10,534,344,612,70,182
10,535,293,602,73,188
10,536,534,611,54,158
10,554,299,550,62,157
10,555,312,510,54,170
10,557,252,526,58,142
10,558,235,466,66,158
10,559,184,502,72,160
10,572,540,160,52,124
10,573,578,158,52,134
10,624,578,367,50,125
10,674,395,405,65,149
10,675,362,413,57,158
10,731,433,902,64,149
10,740,696,618,58,164
10,741,690,629,64,190
10,742,259,675,77,185
10,743,189,662,56,155
10,744,245,652,52,175
10,784,422,740,89,170
10,785,636,432,61,130
10,797,1356,265,48,137
10,798,1303,238,61,125
10,799,1283,259,57,130
10,806,622,593,77,166
10,807,208,408,61,164
10,808,265,414,62,157
10,834,489,663,73,166
10,836,473,696,77,179
10,838,229,125,64,153
10,844,1082,105,53,148
10,893,1297,221,74,157
10,895,258,399,58,154
10,898,618,704,85,155
10,901,916,760,89,160
10,902,210,380,57,158
10,904,668,487,65,133
10,906,646,469,69,115
10,907,539,340,57,155
10,914,517,580,58,142
10,915,478,504,70,149
10,916,483,472,66,139
10,923,370,860,62,173
10,925,1111,12,56,121
10,927,1165,13,50,136
10,928,1112,0,48,134
10,974,1175,0,45,137
10,976,628,542,57,155
10,977,667,518,49,142
10,1036,328,593,62,164
10,1037,403,558,78,169
10,1038,407,605,65,172
10,1040,357,361,66,160
10,1042,414,343,66,163
10,1059,601,413,64,148
10,1123,347,345,56,115
10,1124,796,539,60,170
10,1197,612,332,25,252
10,1198,615,239,54,102
10,142,1172,1012,56,43
10,43,706,1018,72,38
10,261,1360,1014,44,41
10,226,1289,1022,60,36
10,321,0,56,5,161
11,44,715,372,56,164
11,59,733,384,93,175
11,110,1162,859,103,147
11,111,1242,854,86,157
11,123,840,816,94,194
11,124,413,791,65,154
11,127,613,796,106,184
11,128,659,855,78,155
11,129,1041,483,65,166
11,133,995,463,58,160
11,134,849,451,62,166
11,135,821,404,69,161
11,136,323,839,90,172
11,137,528,842,75,172
11,138,509,911,74,109
11,139,558,966,63,54
11,140,641,957,81,69
11,157,1424,785,70,181
11,158,1493,818,81,145
11,163,1447,742,81,166
11,164,1536,735,61,168
11,166,1559,916,64,100
11,169,1500,750,54,133
11,170,1354,788,70,127
11,171,1521,787,52,146
11,172,1569,726,58,148
11,184,1519,895,64,114
11,188,1244,758,111,193
11,191,1313,343,73,148
11,193,1220,496,77,160
11,194,1292,524,72,158
11,195,1559,643,68,154
11,196,1517,563,69,160
11,197,1477,582,60,158
11,200,1284,292,66,154
11,201,1469,347,60,155
11,218,19,670,39,170
11,219,10,614,70,173
11,223,0,583,35,145
11,224,4,654,29,106
11,225,711,795,98,179
11,227,1403,955,68,48
11,228,797,780,90,196
11,229,1086,846,84,165
11,230,1264,639,82,151
11,231,565,698,81,181
11,232,1428,565,61,172
11,233,1375,592,72,173
11,234,1304,597,76,158
11,235,1434,482,52,133
11,236,1168,650,80,176
11,237,1432,482,72,149
11,238,1155,563,62,157
11,239,1200,584,61,148
11,240,1004,835,84,172
11,241,718,701,76,163
11,242,1054,686,70,185
11,243,793,608,76,157
11,244,793,666,73,157
11,245,885,623,73,183
11,246,1122,686,81,196
11,247,1473,435,70,167
11,248,247,284,48,152
11,249,200,304,58,166
11,250,1195,379,68,161
11,251,1262,409,55,141
11,268,80,1010,62,49
11,269,263,963,62,49
11,270,5,744,15,163
11,272,1528,358,57,145
11,273,1574,287,61,169
11,274,1409,322,64,160
11,275,1579,266,53,155
11,276,1516,253,57,148
11,277,1455,301,66,127
11,278,1590,0,53,142
11,279,1547,0,53,124
11,280,1555,0,57,115
11,281,1512,0,49,118
11,282,1519,0,56,106
11,283,1522,214,58,118
11,285,1533,215,54,133
11,286,1510,62,82,163
11,287,1477,272,52,124
11,288,1344,0,47,54
11,289,1413,0,54,112
11,290,1449,0,62,121
11,291,1423,39,52,118
11,292,1447,49,60,130
11,293,1482,138,60,133
11,294,1470,215,56,125
11,295,1395,100,57,136
11,296,1402,185,60,130
11,297,1402,234,60,127
11,298,1012,586,67,156
11,299,1163,352,68,158
11,300,1097,343,56,164
11,301,1052,343,56,172
11,302,971,378,64,175
11,303,925,375,68,163
11,305,1254,209,49,101
11,306,1306,97,56,122
11,307,1268,77,56,121
11,308,1219,89,52,125
11,309,1213,173,69,139
11,310,1108,163,72,158
11,311,1166,119,60,148
11,312,1061,224,49,139
11,313,345,4,57,148
11,314,20,274,62,145
11,315,122,327,60,163
11,316,19,330,61,158
11,317,56,336,78,163
11,318,64,266,62,154
11,320,2,271,20,157
11,322,14,158,53,145
11,323,61,237,52,154
11,324,3,134,44,154
11,325,20,178,56,148
11,326,3,209,62,142
11,327,76,132,65,145
11,328,126,227,54,146
11,329,138,136,54,167
11,330,78,94,72,157
11,331,132,100,57,133
11,332,180,84,60,152
11,333,169,60,56,151
11,334,309,252,45,97
11,335,351,226,54,145
11,336,388,254,62,142
11,337,219,45,61,134
11,338,432,9,56,139
11,339,421,10,58,157
11,340,436,84,56,148
11,341,497,78,53,142
11,342,519,229,58,88
11,343,480,20,66,154
11,344,528,52,58,155
11,345,846,242,73,140
11,346,642,206,54,133
11,347,612,57,49,124
11,348,562,94,54,109
11,349,588,107,58,127
11,350,558,182,58,146
11,351,645,0,58,140
11,352,914,217,69,155
11,353,959,176,66,158
11,354,1011,231,68,148
11,355,707,0,60,151
11,356,746,92,68,163
11,357,808,144,48,139
11,358,854,129,54,157
11,359,891,159,50,103
11,360,928,117,57,148
11,361,1017,182,56,145
11,362,984,106,60,148
11,363,1033,128,60,140
11,364,894,88,60,142
11,365,589,177,60,133
11,366,725,0,57,142
11,367,795,20,49,119
11,368,795,0,45,136
11,369,969,6,62,140
11,370,909,2,54,116
11,371,1032,5,65,139
11,372,874,0,59,131
11,373,1063,15,57,115
11,374,928,27,53,133
11,375,839,0,44,121
11,376,1280,111,56,115
11,377,0,0,24,98
11,378,1123,145,62,145
11,379,447,83,48,128
11,380,1377,260,62,157
11,381,1281,168,62,134
11,382,181,216,65,156
11,383,219,13,65,148
11,384,1110,0,48,133
11,402,543,503,58,170
11,424,556,257,53,127
11,425,168,777,80,176
11,427,574,268,54,136
11,433,166,738,94,185
11,512,1369,463,57,160
11,513,1411,450,49,142
11,534,344,609,70,182
11,535,289,600,73,188
11,536,533,609,54,158
11,554,297,549,62,157
11,555,312,510,54,170
11,557,251,523,58,142
11,558,234,464,66,158
11,559,183,498,72,160
11,572,539,158,52,124
11,573,577,157,52,134
11,624,577,364,50,125
11,674,394,403,65,149
11,675,361,411,57,158
11,731,431,898,64,149
11,740,695,616,58,164
11,741,689,627,64,190
11,742,258,673,77,185
11,743,189,660,56,155
11,744,244,650,52,175
11,784,421,738,89,170
11,785,635,430,61,130
11,797,1356,263,48,137
11,798,1301,236,61,125
11,799,1281,256,57,130
11,806,621,592,77,166
11,807,207,406,61,164
11,808,265,413,62,157
11,834,488,662,73,166
11,836,473,694,77,179
11,838,228,123,64,153
11,844,1080,94,53,148
11,893,1296,220,74,157
11,895,258,397,58,154
11,898,616,702,85,155
11,901,915,758,89,160
11,902,210,380,57,158
11,904,668,485,65,133
11,906,645,467,69,115
11,907,538,338,57,155
11,914,516,578,58,142
11,915,477,503,70,149
11,916,483,470,66,139
11,923,369,858,62,173
11,925,1110,10,56,121
11,927,1164,10,50,136
11,928,1111,0,48,134
11,974,1174,0,45,137
11,976,627,540,57,155
11,977,666,516,49,142
11,1036,328,591,62,164
11,1037,403,556,78,169
11,1038,407,600,65,172
11,1040,356,359,66,160
11,1042,413,341,66,163
11,1059,600,411,64,148
11,1123,345,342,56,115
11,1124,797,535,60,170
11,1197,611,327,25,252
11,1198,615,236,54,102
11,142,1170,1008,56,43
11,43,705,1014,72,38
11,261,1358,1009,44,41
11,226,1287,1014,60,36
11,321,3,54,5,161
11,183,1407,1043,44,34
11,284,1622,139,32,140
11,1160,4,343,5,152
12,44,714,370,56,164
12,59,730,400,93,175
12,110,1161,853,103,147
12,111,1239,849,86,157
12,123,840,810,94,194
12,124,418,787,65,154
12,127,614,792,106,184
12,128,659,851,78,155
12,129,1038,482,65,166
12,133,994,459,58,160
12,134,847,450,62,166
12,135,823,403,69,161
12,136,326,832,90,172
12,137,529,839,75,172
12,138,510,906,74,109
12,139,560,961,63,54
12,140,641,953,81,69
12,157,1423,780,70,181
12,158,1490,813,81,145
12,163,1446,739,81,166
12,164,1533,729,61,168
12,166,1558,911,64,100
12,169,1498,746,54,133
12,170,1354,786,70,127
12,171,1517,782,52,146
12,172,1568,722,58,148
12,184,1517,890,64,114
12,188,1243,758,111,193
12,191,1314,340,73,148
12,193,1218,492,77,160
12,194,1288,518,72,158
12,195,1557,639,68,154
12,196,1515,559,69,160
12,197,1476,580,60,158
12,200,1286,292,66,154
12,201,1467,341,60,155
12,218,19,664,39,170
12,219,10,610,70,173
12,223,0,579,35,145
12,224,4,649,29,106
12,225,713,789,98,179
12,227,1400,950,68,48
12,228,797,777,90,196
12,229,1086,838,84,165
12,230,1261,634,82,151
12,231,566,695,81,181
12,232,1427,564,61,172
12,233,1373,590,72,173
12,234,1301,593,76,158
12,235,1431,475,52,133
12,236,1167,647,80,176
12,237,1431,479,72,149
12,238,1153,560,62,157
12,239,1199,580,61,148
12,240,1001,830,84,172
12,241,720,695,76,163
12,242,1051,680,70,185
12,243,795,603,76,157
12,244,793,661,73,157
12,245,885,619,73,183
12,246,1121,683,81,196
12,247,1472,432,70,167
12,248,248,281,48,152
12,249,202,303,58,166
12,250,1194,374,68,161
12,251,1260,404,55,141
12,268,77,1007,62,49
12,269,258,956,62,49
12,270,6,740,15,163
12,272,1527,355,57,145
12,273,1572,283,61,169
12,274,1407,318,64,160
12,275,1578,262,53,155
12,276,1515,249,57,148
12,277,1454,298,66,127
12,278,1590,0,53,142
12,279,1547,0,53,124
12,280,1556,0,57,115
12,281,1511,0,49,118
12,282,1519,0,56,106
12,283,1521,211,58,118
12,285,1532,212,54,133
12,286,1510,58,82,163
12,287,1476,268,52,124
12,288,1344,0,47,54
12,289,1413,0,54,112
12,290,1448,0,62,121
12,291,1424,36,52,118
12,292,1446,46,60,130
12,293,1481,135,60,133
12,294,1469,212,56,125
12,295,1393,97,57,136
12,296,1396,181,60,130
12,297,1404,230,60,127
12,298,1008,581,67,156
12,299,1158,324,68,158
12,300,1095,341,56,164
12,301,1052,338,56,172
12,302,969,372,64,175
12,303,924,371,68,163
12,305,1251,207,49,101
12,306,1308,94,56,122
12,307,1268,74,56,121
12,308,1219,85,52,125
12,309,1213,169,69,139
12,310,1109,159,72,158
12,311,1164,115,60,148
12,312,1060,220,49,139
12,313,344,0,57,148
12,314,17,267,62,145
12,315,120,327,60,163
12,316,19,330,61,158
12,317,56,332,78,163
12,318,65,262,62,154
12,320,1,264,20,157
12,322,14,155,53,145
12,323,61,235,52,154
12,324,4,128,44,154
12,325,19,181,56,148
12,326,0,209,62,142
12,327,77,128,65,145
12,328,124,226,54,146
12,329,136,131,54,167
12,330,80,91,72,157
12,331,132,96,57,133
12,332,180,79,60,152
12,333,169,56,56,151
12,334,309,248,45,97
12,335,352,221,54,145
12,336,389,250,62,142
12,337,221,40,61,134
12,338,436,5,56,139
12,339,421,6,58,157
12,340,436,80,56,148
12,341,498,76,53,142
12,342,518,228,58,88
12,343,481,18,66,154
12,344,528,48,58,155
12,345,845,238,73,140
12,346,642,203,54,133
12,347,611,51,49,124
12,348,563,92,54,109
12,349,592,104,58,127
12,350,558,181,58,146
12,351,646,0,58,140
12,352,912,213,69,155
12,353,959,172,66,158
12,354,1010,228,68,148
12,355,708,0,60,151
12,356,744,86,68,163
12,357,808,141,48,139
12,358,854,126,54,157
12,359,890,155,50,103
12,360,928,114,57,148
12,361,1016,178,56,145
12,362,984,104,60,148
12,363,1031,126,60,140
12,364,892,85,60,142
12,365,605,193,60,133
12,366,724,0,57,142
12,367,795,24,49,119
12,368,794,0,45,136
12,369,967,3,62,140
12,370,908,0,54,116
12,371,1032,2,65,139
12,372,882,1,59,131
12,373,1063,12,57,115
12,374,928,24,53,133
12,375,840,0,44,121
12,376,1279,107,56,115
12,377,0,0,24,98
12,378,1121,142,62,145
12,379,447,79,48,128
12,380,1376,257,62,157
12,381,1279,165,62,134
12,382,180,209,65,156
12,383,217,11,65,148
12,384,1110,0,48,133
12,402,542,501,58,170
12,424,556,256,53,127
12,425,168,776,80,176
12,427,573,266,54,136
12,433,165,738,94,185
12,512,1369,459,57,160
12,513,1409,446,49,142
12,534,342,608,70,182
12,535,292,596,73,188
12,536,532,605,54,158
12,554,297,548,62,157
12,555,311,508,54,170
12,557,250,522,58,142
12,558,234,460,66,158
12,559,183,496,72,160
12,572,538,156,52,124
12,573,577,155,52,134
12,624,577,362,50,125
12,674,393,400,65,149
12,675,361,407,57,158
12,731,431,895,64,149
12,740,695,614,58,164
12,741,689,627,64,190
12,742,258,671,77,185
12,743,188,658,56,155
12,744,244,648,52,175
12,784,421,736,89,170
12,785,634,428,61,130
12,797,1356,260,48,137
12,798,1299,233,61,125
12,799,1280,255,57,130
12,806,621,589,77,166
12,807,207,402,61,164
12,808,264,410,62,157
12,834,486,659,73,166
12,836,472,692,77,179
12,838,227,121,64,153
12,844,1079,90,53,148
12,893,1294,217,74,157
12,895,257,395,58,154
12,898,616,702,85,155
12,901,915,754,89,160
12,902,209,376,57,158
12,904,666,484,65,133
12,906,645,465,69,115
12,907,537,336,57,155
12,914,515,575,58,142
12,915,477,500,70,149
12,916,482,469,66,139
12,923,390,838,62,173
12,925,1110,7,56,121
12,927,1164,8,50,136
12,928,1111,0,48,134
12,974,1174,0,45,137
12,976,626,538,57,155
12,977,666,514,49,142
12,1036,327,589,62,164
12,1037,402,554,78,169
12,1038,407,599,65,172
12,1040,355,357,66,160
12,1042,412,339,66,163
12,1059,600,408,64,148
12,1123,344,341,56,115
12,1124,797,531,60,170
12,1197,610,331,25,252
12,1198,614,234,54,102
12,142,1169,1002,56,43
12,43,707,1010,72,38
12,261,1356,1002,44,41
12,226,1286,1008,60,36
12,321,1,38,5,161
12,183,1405,1038,44,34
12,284,1621,136,32,140
12,1160,6,356,5,152
